Potato
163
0.000000,0.000000,0.000000,0.000025,8.200000,10.750000,0.000000,0.000000,
0.010000,0.052500,5.250000,0.000550,8.200525,10.750000,0.000000,0.000705,
0.020000,0.150000,9.749999,0.002050,8.202025,10.750000,0.000003,0.002674,
0.030000,0.250000,9.999993,0.004550,8.204525,10.750000,0.000014,0.005954,
0.040000,0.350001,9.999978,0.008050,8.208025,10.750000,0.000042,0.010541,
0.050000,0.450002,9.999950,0.012550,8.212525,10.750000,0.000103,0.016406,
0.060001,0.550004,9.999902,0.018050,8.218025,10.750001,0.000213,0.023523,
0.070001,0.650010,9.999832,0.024551,8.224526,10.750003,0.000393,0.031895,
0.080003,0.750020,9.999733,0.032052,8.232027,10.750007,0.000669,0.041449,
0.090005,0.850037,9.999603,0.040554,8.240529,10.750014,0.001067,0.052156,
0.100008,0.950063,9.999437,0.050058,8.250033,10.750027,0.001619,0.063981,
0.110013,1.050104,9.999231,0.060564,8.260539,10.750048,0.002359,0.076859,
0.120020,1.150162,9.998980,0.072074,8.272048,10.750080,0.003324,0.090737,
0.130010,1.250148,10.008314,0.084563,8.284538,10.750129,0.004550,0.105530,
0.140006,1.350082,9.996957,0.098059,8.298033,10.750201,0.006080,0.121179,
0.150009,1.450078,9.996823,0.112564,8.312538,10.750302,0.007958,0.137607,
0.160003,1.550064,10.004393,0.128055,8.328029,10.750443,0.010223,0.154710,
0.170007,1.650053,9.995264,0.144562,8.344534,10.750633,0.012923,0.172400,
0.180007,1.750071,10.001903,0.162062,8.362033,10.750887,0.016100,0.190551,
0.190006,1.850068,10.000350,0.180562,8.380529,10.751218,0.019797,0.209091,
0.200008,1.950073,9.998891,0.200066,8.400029,10.751645,0.024059,0.227849,
0.210003,2.050056,10.003483,0.220556,8.420511,10.752187,0.028921,0.246734,
0.220006,2.150049,9.995545,0.242064,8.442009,10.752867,0.034430,0.265629,
0.230011,2.250092,9.999690,0.264576,8.464504,10.753710,0.040618,0.284362,
0.240010,2.350110,10.002908,0.288074,8.487980,10.754744,0.047513,0.302832,
0.250008,2.450098,10.000278,0.312571,8.512445,10.755999,0.055146,0.320897,
0.260002,2.550058,10.002657,0.338055,8.537884,10.757507,0.063534,0.338388,
0.270005,2.650044,9.994935,0.364565,8.564333,10.759308,0.072710,0.355232,
0.280006,2.750066,10.001682,0.392067,8.591752,10.761437,0.082674,0.371293,
0.290001,2.850046,10.002836,0.420554,8.620129,10.763934,0.093428,0.386414,
0.300007,2.950050,9.994915,0.450071,8.649501,10.766847,0.104990,0.400537,
0.310004,3.050064,10.004381,0.480562,8.679806,10.770215,0.117329,0.413537,
0.320000,3.150034,10.000267,0.512052,8.711057,10.774085,0.130441,0.425316,
0.330005,3.250041,9.996296,0.544567,8.743269,10.778509,0.144315,0.435826,
0.340001,3.350047,10.004134,0.578056,8.776379,10.783528,0.158901,0.444983,
0.350006,3.450057,9.995761,0.612574,8.810428,10.789198,0.174190,0.452773,
0.360006,3.550085,10.002837,0.648075,8.845353,10.795559,0.190119,0.459143,
0.370003,3.650069,10.001835,0.684563,8.881144,10.802658,0.206645,0.464087,
0.380006,3.750066,9.997172,0.722073,8.917814,10.810549,0.223733,0.467604,
0.390002,3.850062,10.003362,0.760559,8.955300,10.819264,0.241305,0.469710,
0.400001,3.950041,9.998622,0.800057,8.993615,10.828855,0.259320,0.470426,
0.410006,4.050062,9.997600,0.840576,9.032746,10.839362,0.277721,0.469813,
0.420003,4.150076,10.003447,0.882068,9.072627,10.850811,0.296423,0.467902,
0.430004,4.250068,9.999004,0.924570,9.113268,10.863243,0.315379,0.464748,
0.440001,4.350058,10.001529,0.968059,9.154628,10.876683,0.334516,0.460455,
0.450004,4.450061,9.997530,1.012572,9.196717,10.891169,0.353785,0.455048,
0.460006,4.550087,10.000379,1.058083,9.239490,10.906715,0.373114,0.448633,
0.470002,4.650079,10.003336,1.104565,9.282899,10.923332,0.392432,0.441282,
0.480004,4.750072,9.996838,1.152077,9.326980,10.941057,0.411706,0.433073,
0.490000,4.850064,10.003503,1.200557,9.371656,10.959879,0.430855,0.424086,
0.500001,4.950046,9.997627,1.250060,9.416960,10.979830,0.449850,0.414389,
0.510005,5.050069,9.998457,1.300580,9.462868,11.000915,0.468639,0.404077,
0.520003,5.150082,10.002656,1.352074,9.509328,11.023119,0.487161,0.393206,
0.530000,5.250062,10.000844,1.404560,9.556341,11.046452,0.505381,0.381844,
0.540005,5.350071,9.996271,1.458085,9.603938,11.070935,0.523276,0.370054,
0.550001,5.450074,10.004326,1.512564,9.652032,11.096524,0.540782,0.357902,
0.560003,5.550063,9.997227,1.568074,9.700682,11.123252,0.557891,0.345428,
0.570005,5.650082,9.999630,1.624588,9.749858,11.151099,0.574565,0.332698,
0.580003,5.750083,10.002230,1.682076,9.799528,11.180043,0.590768,0.319737,
0.590003,5.850071,9.998996,1.740576,9.849720,11.210091,0.606487,0.306593,
0.600004,5.950077,9.999039,1.800086,9.900429,11.241234,0.621697,0.293305,
0.610001,6.050069,10.002272,1.860568,9.951623,11.273439,0.636369,0.279899,
0.620004,6.150069,9.996744,1.922089,10.003358,11.306730,0.650500,0.266383,
0.630001,6.250066,10.003321,1.984567,10.055566,11.341048,0.664052,0.252807,
0.640001,6.350047,9.998202,2.048066,10.108305,11.376414,0.677025,0.239186,
0.650002,6.450050,9.999205,2.112574,10.161566,11.412807,0.689399,0.225500,
0.660002,6.550056,10.000357,2.178076,10.215345,11.450200,0.701157,0.211794,
0.670004,6.650067,9.998760,2.244592,10.269663,11.488592,0.712287,0.198055,
0.680000,6.750056,10.003105,2.312065,10.324481,11.527929,0.722766,0.184307,
0.690003,6.850050,9.996084,2.380588,10.379886,11.568249,0.732595,0.170532,
0.700005,6.950072,10.000739,2.450099,10.435835,11.609497,0.741750,0.156746,
0.710001,7.050057,10.002617,2.520570,10.492319,11.651636,0.750214,0.142954,
0.720004,7.150049,9.996213,2.592092,10.549422,11.694701,0.757982,0.129130,
0.730004,7.250062,10.001254,2.664593,10.607101,11.738627,0.765029,0.115281,
0.740002,7.350049,10.000809,2.738078,10.665374,11.783396,0.771341,0.101373,
0.750004,7.450046,9.997822,2.812592,10.724294,11.829011,0.776903,0.087448,
0.760004,7.550053,10.000526,2.888095,10.783846,11.875424,0.781692,0.073427,
0.770002,7.650044,10.000649,2.964583,10.844047,11.922607,0.785688,0.059345,
0.780003,7.750039,9.998318,3.042092,10.904946,11.970555,0.788870,0.045155,
0.790001,7.850029,10.001540,3.120573,10.966525,12.019210,0.791210,0.030870,
0.800004,7.950027,9.997080,3.200095,11.028863,12.068583,0.792685,0.016434,
0.810004,8.050041,10.000751,3.280600,11.091940,12.118606,0.793262,0.001865,
0.820002,8.073778,2.374208,3.361321,11.155183,12.168768,0.792917,-0.012752,
0.830002,7.975390,-9.838863,3.441074,11.217691,12.218298,0.791668,-0.027218,
0.840004,7.875379,-9.999381,3.519841,11.279478,12.267152,0.789544,-0.041547,
0.850000,7.775385,-10.002889,3.597568,11.340525,12.315264,0.786574,-0.055745,
0.860001,7.675396,-9.998204,3.674327,11.400910,12.362652,0.782782,-0.069852,
0.870005,7.575370,-9.998551,3.750112,11.460650,12.409283,0.778190,-0.083887,
0.880001,7.475366,-10.004193,3.824837,11.519698,12.455079,0.772825,-0.097839,
0.890000,7.375388,-9.998754,3.898584,11.578135,12.500065,0.766702,-0.111746,
0.900003,7.275377,-9.998522,3.971356,11.635980,12.544221,0.759837,-0.125606,
0.910004,7.175358,-10.000914,4.043117,11.693221,12.587501,0.752251,-0.139436,
0.920004,7.075348,-10.000375,4.113876,11.749877,12.629890,0.743960,-0.153247,
0.930000,6.975363,-10.002501,4.183601,11.805938,12.671349,0.734983,-0.167031,
0.940005,6.875359,-9.995912,4.252385,11.861488,12.711913,0.725322,-0.180806,
0.950003,6.775347,-10.003419,4.320124,11.916455,12.751502,0.715006,-0.194563,
0.960002,6.675359,-9.999341,4.386874,11.970892,12.790130,0.704041,-0.208295,
0.970000,6.575371,-10.000841,4.452614,12.024792,12.827768,0.692444,-0.222001,
0.980005,6.475354,-9.996346,4.517402,12.078208,12.864433,0.680220,-0.235697,
0.990004,6.375333,-10.003381,4.581148,12.131071,12.900056,0.667400,-0.249356,
1.000000,6.275359,-10.001502,4.643875,12.183406,12.934636,0.653995,-0.262943,
1.010003,6.175364,-9.996430,4.705648,12.235268,12.968195,0.640007,-0.276469,
1.020000,6.075364,-10.003042,4.766383,12.286591,13.000672,0.625473,-0.289902,
1.030002,5.975369,-9.997566,4.826148,12.337431,13.032091,0.610396,-0.303224,
1.040002,5.875359,-10.000843,4.884903,12.387753,13.062418,0.594804,-0.316414,
1.050000,5.775368,-10.000938,4.942646,12.437555,13.091643,0.578722,-0.329426,
1.060003,5.675365,-9.997765,4.999414,12.486864,13.119773,0.562163,-0.342211,
1.070005,5.575344,-10.000422,5.055177,12.535647,13.146785,0.545162,-0.354774,
1.080000,5.475359,-10.002888,5.109906,12.583874,13.172660,0.527757,-0.366985,
1.090004,5.375363,-9.995867,5.163680,12.631604,13.197428,0.509955,-0.378888,
1.100006,5.275337,-10.000871,5.216442,12.678778,13.221059,0.491809,-0.390371,
1.110002,5.175349,-10.002585,5.268177,12.725370,13.243546,0.473364,-0.401361,
1.120002,5.075366,-9.997762,5.318933,12.771410,13.264910,0.454643,-0.411832,
1.130005,4.975354,-9.998869,5.368698,12.816874,13.285151,0.435694,-0.421689,
1.140001,4.875363,-10.002909,5.417433,12.861707,13.304258,0.416580,-0.430850,
1.150003,4.775375,-9.997130,5.465195,12.905945,13.322263,0.397332,-0.439276,
1.160002,4.675370,-10.000622,5.511948,12.949536,13.339163,0.378015,-0.446838,
1.170001,4.575382,-10.000691,5.557693,12.992461,13.354976,0.358688,-0.453502,
1.180004,4.475377,-9.997204,5.602462,13.034728,13.369730,0.339397,-0.459171,
1.190007,4.375349,-10.000028,5.646227,13.076291,13.383439,0.320213,-0.463759,
1.200003,4.275354,-10.002775,5.688967,13.117106,13.396121,0.301211,-0.467221,
1.210002,4.175378,-9.998634,5.730716,13.157183,13.407817,0.282437,-0.469425,
1.220006,4.075369,-9.997624,5.771483,13.196509,13.418561,0.263953,-0.470396,
1.230001,3.975377,-10.003520,5.811220,13.235014,13.428376,0.245844,-0.470023,
1.240006,3.875378,-9.995387,5.849991,13.272740,13.437317,0.228140,-0.468256,
1.250007,3.775351,-10.001312,5.887750,13.309620,13.445413,0.210924,-0.465114,
1.260000,3.675382,-10.003995,5.924478,13.345617,13.452706,0.194259,-0.460546,
1.270001,3.575414,-9.995601,5.960236,13.380771,13.459252,0.178171,-0.454547,
1.280006,3.475388,-9.998290,5.995005,13.415045,13.465093,0.162715,-0.447108,
1.290007,3.375364,-10.001387,6.028762,13.448402,13.470274,0.147943,-0.438306,
1.300005,3.275367,-10.000937,6.061512,13.480832,13.474843,0.133891,-0.428123,
1.310002,3.175391,-10.000705,6.093256,13.512322,13.478849,0.120586,-0.416668,
1.320006,3.075389,-9.996449,6.124021,13.542888,13.482342,0.108041,-0.403950,
1.330008,2.975364,-10.000836,6.153780,13.572493,13.485366,0.096283,-0.390093,
1.340006,2.875366,-10.001525,6.182528,13.601124,13.487965,0.085324,-0.375225,
1.350008,2.775365,-9.997945,6.210288,13.628794,13.490184,0.075157,-0.359404,
1.360002,2.675386,-10.003953,6.237026,13.655466,13.492063,0.065790,-0.342734,
1.370004,2.575410,-9.996046,6.262784,13.681176,13.493643,0.057199,-0.325377,
1.380009,2.475374,-9.997760,6.287552,13.705909,13.494960,0.049370,-0.307449,
1.390004,2.375373,-10.005528,6.311293,13.729625,13.496046,0.042295,-0.289121,
1.400003,2.275408,-9.997906,6.334044,13.752358,13.496935,0.035933,-0.270413,
1.410011,2.175376,-9.995196,6.355815,13.774118,13.497654,0.030253,-0.251515,
1.420009,2.075345,-10.004708,6.376565,13.794860,13.498229,0.025230,-0.232650,
1.430001,1.975396,-10.003374,6.396302,13.814592,13.498683,0.020824,-0.213871,
1.440002,1.875434,-9.995168,6.415059,13.833345,13.499037,0.016987,-0.195249,
1.450003,1.775424,-9.999933,6.432815,13.851099,13.499309,0.013682,-0.176977,
1.460007,1.675398,-9.998396,6.449576,13.867859,13.499514,0.010864,-0.159166,
1.470001,1.575407,-10.004932,6.465321,13.883603,13.499666,0.008494,-0.141915,
1.480003,1.475425,-9.995948,6.480078,13.898360,13.499776,0.006522,-0.125311,
1.490018,1.375343,-9.993962,6.493851,13.912133,13.499855,0.004905,-0.109437,
1.500008,1.275320,-10.011962,6.506592,13.924873,13.499909,0.003606,-0.094414,
1.510014,1.175339,-9.992061,6.518353,13.936634,13.499945,0.002579,-0.080272,
1.520018,1.075290,-10.001218,6.529109,13.947391,13.499968,0.001786,-0.067135,
1.530019,0.975264,-10.000999,6.538864,13.957145,13.499983,0.001190,-0.055050,
1.540019,0.875257,-10.000847,6.547616,13.965897,13.499991,0.000756,-0.044064,
1.550017,0.775266,-10.000771,6.555367,13.973649,13.499996,0.000453,-0.034220,
1.560014,0.675291,-10.000795,6.562118,13.980400,13.499998,0.000251,-0.025531,
1.570009,0.575334,-10.000976,6.567868,13.986150,13.499999,0.000126,-0.018154,
1.580001,0.475401,-10.001455,6.572619,13.990900,13.500000,0.000054,-0.011931,
1.590064,0.375125,-9.964423,6.576394,13.994675,13.500000,0.000019,-0.007017,
1.600073,0.274765,-10.027390,6.579144,13.997425,13.500000,0.000004,-0.003428,
1.610095,0.174611,-9.993151,6.580894,13.999175,13.500000,0.000000,-0.001100,
1.620309,0.073430,-9.906244,6.581644,13.999925,13.500000,0.000000,-0.000111,
0.000000,0.000000,0.000000,0.000000,8.200000,11.750000,0.000000,0.000000,
0.010000,0.052481,5.248094,0.000525,8.200525,11.750000,0.000000,0.000000,
0.020000,0.149745,9.726435,0.002022,8.202022,11.750000,0.000003,0.000000,
0.030000,0.248917,9.917200,0.004511,8.204511,11.750000,0.000014,0.000000,
0.040000,0.347107,9.818890,0.007983,8.207983,11.750000,0.000042,0.000000,
0.050000,0.443929,9.682087,0.012422,8.212422,11.750000,0.000103,0.000000,
0.060001,0.539010,9.507674,0.017812,8.217812,11.750001,0.000213,0.000000,
0.070001,0.631984,9.296757,0.024132,8.224132,11.750003,0.000393,0.000000,
0.080003,0.722503,9.050790,0.031358,8.231358,11.750007,0.000669,0.000000,
0.090005,0.810236,8.771485,0.039462,8.239462,11.750014,0.001067,0.000000,
0.100008,0.894873,8.460913,0.048414,8.248414,11.750026,0.001619,0.000000,
0.110013,0.976127,8.121494,0.058180,8.258180,11.750045,0.002359,0.000000,
0.120020,1.053740,7.756011,0.068725,8.268725,11.750075,0.003324,0.000000,
0.130010,1.127419,7.375008,0.079988,8.279988,11.750119,0.004550,0.000000,
0.140006,1.196992,6.959829,0.091954,8.291953,11.750182,0.006080,0.000000,
0.150009,1.262390,6.537916,0.104581,8.304580,11.750271,0.007958,0.000000,
0.160003,1.323455,6.110100,0.117808,8.317807,11.750391,0.010223,0.000000,
0.170007,1.380140,5.666409,0.131614,8.331612,11.750550,0.012923,0.000000,
0.180007,1.432455,5.231566,0.145939,8.345935,11.750757,0.016100,0.000000,
0.190006,1.480429,4.797695,0.160742,8.360736,11.751022,0.019797,0.000000,
0.200008,1.524194,4.375848,0.175986,8.375977,11.751356,0.024059,0.000000,
0.210003,1.563923,3.974979,0.191617,8.391602,11.751769,0.028921,0.000000,
0.220006,1.599882,3.594535,0.207622,8.407599,11.752275,0.034430,0.000000,
0.230011,1.632408,3.251063,0.223954,8.423919,11.752887,0.040618,0.000000,
0.240010,1.661873,2.946840,0.240571,8.440520,11.753617,0.047513,0.000000,
0.250008,1.688750,2.688149,0.257456,8.457383,11.754482,0.055146,0.000000,
0.260002,1.713587,2.485329,0.274580,8.474478,11.755495,0.063534,0.000000,
0.270005,1.737010,2.341366,0.291957,8.491814,11.756675,0.072710,0.000000,
0.280006,1.759696,2.268554,0.309555,8.509359,11.758037,0.082674,0.000000,
0.290001,1.782363,2.267783,0.327370,8.527105,11.759598,0.093428,0.000000,
0.300007,1.805805,2.342878,0.345438,8.545085,11.761381,0.104990,0.000000,
0.310004,1.830830,2.503336,0.363740,8.563276,11.763402,0.117329,0.000000,
0.320000,1.858256,2.743456,0.382317,8.581712,11.765685,0.130441,0.000000,
0.330005,1.888933,3.066288,0.401215,8.600434,11.768256,0.144315,0.000000,
0.340001,1.923658,3.473766,0.420444,8.619446,11.771137,0.158901,0.000000,
0.350006,1.963203,3.952439,0.440087,8.638822,11.774364,0.174190,0.000000,
0.360006,2.008280,4.507687,0.460169,8.658580,11.777962,0.190119,0.000000,
0.370003,2.059482,5.121990,0.480757,8.678774,11.781967,0.206645,0.000000,
0.380006,2.117361,5.786366,0.501936,8.699479,11.786423,0.223733,0.000000,
0.390002,2.182316,6.497974,0.523751,8.720727,11.791363,0.241305,0.000000,
0.400001,2.254621,7.231063,0.546296,8.742597,11.796837,0.259320,0.000000,
0.410006,2.334475,7.981829,0.569651,8.765153,11.802894,0.277721,0.000000,
0.420003,2.421865,8.740760,0.593865,8.788427,11.809576,0.296423,0.000000,
0.430004,2.516671,9.480438,0.619032,8.812493,11.816938,0.315379,0.000000,
0.440001,2.618689,10.204314,0.645212,8.837392,11.825030,0.334516,0.000000,
0.450004,2.727609,10.889080,0.672496,8.863190,11.833909,0.353785,0.000000,
0.460006,2.843036,11.540051,0.700933,8.889916,11.843624,0.373114,0.000000,
0.470002,2.964419,12.143335,0.730564,8.917589,11.854218,0.392432,0.000000,
0.480004,3.091268,12.681764,0.761485,8.946277,11.865754,0.411706,0.000000,
0.490000,3.223015,13.180503,0.793701,8.975965,11.878263,0.430855,0.000000,
0.500001,3.359075,13.605165,0.827294,9.006709,11.891803,0.449850,0.000000,
0.510005,3.498942,13.981301,0.862296,9.038517,11.906412,0.468639,0.000000,
0.520003,3.641988,14.306463,0.898712,9.071372,11.922116,0.487161,0.000000,
0.530000,3.787644,14.569804,0.936577,9.105289,11.938950,0.505381,0.000000,
0.540005,3.935505,14.779242,0.975950,9.140302,11.956961,0.523276,0.000000,
0.550001,4.085063,14.961798,1.016785,9.176351,11.976142,0.540782,0.000000,
0.560003,4.235894,15.080604,1.059151,9.213482,11.996542,0.557891,0.000000,
0.570005,4.387702,15.177258,1.103038,9.251671,12.018168,0.574565,0.000000,
0.580003,4.540094,15.242557,1.148429,9.290889,12.041022,0.590768,0.000000,
0.590003,4.692809,15.271876,1.195356,9.331151,12.065127,0.606487,0.000000,
0.600004,4.845669,15.283566,1.243820,9.372449,12.090491,0.621697,0.000000,
0.610001,4.998439,15.281709,1.293789,9.414745,12.117099,0.636369,0.000000,
0.620004,5.151008,15.251928,1.345316,9.458075,12.144982,0.650500,0.000000,
0.630001,5.303251,15.229696,1.398330,9.502375,12.174102,0.664052,0.000000,
0.640001,5.455068,15.181990,1.452879,9.547680,12.204485,0.677025,0.000000,
0.650002,5.606475,15.138947,1.508951,9.593976,12.236118,0.689399,0.000000,
0.660002,5.757419,15.094143,1.566526,9.641247,12.268987,0.701157,0.000000,
0.670004,5.907912,15.045675,1.625619,9.689503,12.303094,0.712287,0.000000,
0.680000,6.057938,15.008852,1.686173,9.738701,12.338399,0.722766,0.000000,
0.690003,6.207585,14.959719,1.748270,9.788910,12.374938,0.732595,0.000000,
0.700005,6.356953,14.934690,1.811848,9.840084,12.412666,0.741750,0.000000,
0.710001,6.506030,14.913876,1.876882,9.892210,12.451554,0.750214,0.000000,
0.720004,6.654982,14.890777,1.943451,9.945359,12.491637,0.757982,0.000000,
0.730004,6.803947,14.896435,2.011491,9.999488,12.532861,0.765029,0.000000,
0.740002,6.952989,14.907254,2.081007,10.054614,12.575211,0.771341,0.000000,
0.750004,7.102309,14.929277,2.152043,10.110784,12.618698,0.776903,0.000000,
0.760004,7.252078,14.976564,2.224565,10.167986,12.663279,0.781692,0.000000,
0.770002,7.402440,15.038613,2.298578,10.226238,12.708935,0.785688,0.000000,
0.780003,7.553634,15.117614,2.374123,10.285593,12.755669,0.788870,0.000000,
0.790001,7.705875,15.227921,2.451162,10.346042,12.803430,0.791210,0.000000,
0.800004,7.859437,15.351965,2.529778,10.407669,12.852240,0.792685,0.000000,
0.810004,8.014614,15.516777,2.609929,10.470469,12.902044,0.793262,0.000000,
0.820002,8.094938,8.034068,2.690862,10.533877,12.952337,0.792917,0.000000,
0.830002,8.052149,-4.278934,2.771382,10.596988,13.002343,0.791668,0.000000,
0.840004,8.006080,-4.606115,2.851457,10.659800,13.052008,0.789544,0.000000,
0.850000,7.958641,-4.745535,2.931016,10.722285,13.101254,0.786574,0.000000,
0.860001,7.910088,-4.854935,3.010122,10.784517,13.150091,0.782782,0.000000,
0.870005,7.860636,-4.943215,3.088760,10.846507,13.198477,0.778190,0.000000,
0.880001,7.810525,-5.012951,3.166836,10.908202,13.246326,0.772825,0.000000,
0.890000,7.759950,-5.058010,3.244428,10.969686,13.293658,0.766702,0.000000,
0.900003,7.709052,-5.088467,3.321538,11.030979,13.340445,0.759837,0.000000,
0.910004,7.657999,-5.104824,3.398126,11.092070,13.386637,0.752251,0.000000,
0.920004,7.606936,-5.105930,3.474200,11.152983,13.432210,0.743960,0.000000,
0.930000,7.555994,-5.096288,3.549730,11.213710,13.477120,0.734983,0.000000,
0.940005,7.505254,-5.071733,3.624816,11.274350,13.521400,0.725322,0.000000,
0.950003,7.454810,-5.045509,3.699348,11.334829,13.564958,0.715006,0.000000,
0.960002,7.404749,-5.006364,3.773391,11.395215,13.607806,0.704041,0.000000,
0.970000,7.355111,-4.964792,3.846927,11.455506,13.649907,0.692444,0.000000,
0.980005,7.305915,-4.917013,3.920025,11.515773,13.691274,0.680220,0.000000,
0.990004,7.257183,-4.873816,3.992588,11.575948,13.731824,0.667400,0.000000,
1.000000,7.208927,-4.827581,4.064648,11.636069,13.771549,0.653995,0.000000,
1.010003,7.161074,-4.783792,4.136280,11.696210,13.810463,0.640007,0.000000,
1.020000,7.113564,-4.752437,4.207395,11.756304,13.848490,0.625473,0.000000,
1.030002,7.066301,-4.725411,4.278071,11.816426,13.885644,0.610396,0.000000,
1.040002,7.019140,-4.716099,4.348263,11.876545,13.921875,0.594804,0.000000,
1.050000,6.971921,-4.722698,4.417970,11.936665,13.957154,0.578722,0.000000,
1.060003,6.924416,-4.749293,4.487232,11.996826,13.991474,0.562163,0.000000,
1.070005,6.876363,-4.804560,4.556006,12.056993,14.024789,0.545162,0.000000,
1.080000,6.827481,-4.890284,4.624252,12.117130,14.057052,0.527757,0.000000,
1.090004,6.777397,-5.006548,4.692051,12.177310,14.088279,0.509955,0.000000,
1.100006,6.725701,-5.168734,4.759319,12.237454,14.118407,0.491809,0.000000,
1.110002,6.671982,-5.373838,4.826014,12.297520,14.147395,0.473364,0.000000,
1.120002,6.615739,-5.624070,4.892175,12.357534,14.175244,0.454643,0.000000,
1.130005,6.556425,-5.929948,4.957755,12.417445,14.201916,0.435694,0.000000,
1.140001,6.493519,-6.293036,5.022665,12.477160,14.227363,0.416580,0.000000,
1.150003,6.426437,-6.707088,5.086940,12.536693,14.251592,0.397332,0.000000,
1.160002,6.354588,-7.184968,5.150485,12.595941,14.274562,0.378015,0.000000,
1.170001,6.277429,-7.717384,5.213248,12.654835,14.296257,0.358688,0.000000,
1.180004,6.194391,-8.301041,5.275212,12.713338,14.316677,0.339397,0.000000,
1.190007,6.104971,-8.939539,5.336279,12.771331,14.335804,0.320213,0.000000,
1.200003,6.008788,-9.621456,5.396347,12.828694,14.353628,0.301211,0.000000,
1.210002,5.905484,-10.331444,5.455396,12.885379,14.370170,0.282437,0.000000,
1.220006,5.794757,-11.069149,5.513362,12.941296,14.385446,0.263953,0.000000,
1.230001,5.676524,-11.828304,5.570103,12.996279,14.399461,0.245844,0.000000,
1.240006,5.550749,-12.571888,5.625635,13.050315,14.412267,0.228140,0.000000,
1.250007,5.417522,-13.320879,5.679818,13.103237,14.423885,0.210924,0.000000,
1.260000,5.277212,-14.040989,5.732553,13.154922,14.434355,0.194259,0.000000,
1.270001,5.130120,-14.707296,5.783860,13.205363,14.443747,0.178171,0.000000,
1.280006,4.976655,-15.339995,5.833648,13.254443,14.452112,0.162715,0.000000,
1.290007,4.817500,-15.913863,5.881828,13.302052,14.459506,0.147943,0.000000,
1.300005,4.653385,-16.413547,5.928356,13.348125,14.465998,0.133891,0.000000,
1.310002,4.485056,-16.838046,5.973193,13.392603,14.471657,0.120586,0.000000,
1.320006,4.313236,-17.175642,6.016341,13.435472,14.476556,0.108041,0.000000,
1.330008,4.138751,-17.445513,6.057736,13.476653,14.480762,0.096283,0.000000,
1.340006,3.962522,-17.625915,6.097354,13.516109,14.484344,0.085324,0.000000,
1.350008,3.785315,-17.716908,6.135215,13.553849,14.487372,0.075157,0.000000,
1.360002,3.607963,-17.745939,6.171273,13.589818,14.489906,0.065790,0.000000,
1.370004,3.431178,-17.675692,6.205590,13.624070,14.492011,0.057199,0.000000,
1.380009,3.255544,-17.553240,6.238165,13.656598,14.493744,0.049370,0.000000,
1.390004,3.081856,-17.378218,6.268967,13.687368,14.495153,0.042295,0.000000,
1.400003,2.910677,-17.120292,6.298069,13.716448,14.496290,0.035933,0.000000,
1.410011,2.742323,-16.821959,6.325514,13.743879,14.497197,0.030253,0.000000,
1.420009,2.577327,-16.502219,6.351284,13.769638,14.497911,0.025230,0.000000,
1.430001,2.416164,-16.130045,6.375425,13.793773,14.498466,0.020824,0.000000,
1.440002,2.258946,-15.720111,6.398017,13.816360,14.498892,0.016987,0.000000,
1.450003,2.105824,-15.310535,6.419077,13.837418,14.499215,0.013682,0.000000,
1.460007,1.956987,-14.877572,6.438655,13.856995,14.499455,0.010864,0.000000,
1.470001,1.812576,-14.449379,6.456770,13.875109,14.499630,0.008494,0.000000,
1.480003,1.672568,-13.997681,6.473500,13.891838,14.499755,0.006522,0.000000,
1.490018,1.536771,-13.560422,6.488890,13.907228,14.499843,0.004905,0.000000,
1.500008,1.405308,-13.159038,6.502929,13.921267,14.499902,0.003606,0.000000,
1.510014,1.278012,-12.721837,6.515717,13.934055,14.499942,0.002579,0.000000,
1.520018,1.154563,-12.340371,6.527267,13.945605,14.499967,0.001786,0.000000,
1.530019,1.034856,-11.968752,6.537617,13.955955,14.499982,0.001190,0.000000,
1.540019,0.918633,-11.622486,6.546803,13.965141,14.499991,0.000756,0.000000,
1.550017,0.805607,-11.304503,6.554858,13.973196,14.499996,0.000453,0.000000,
1.560014,0.695470,-11.017315,6.561810,13.980148,14.499998,0.000251,0.000000,
1.570009,0.587896,-10.763092,6.567686,13.986024,14.499999,0.000126,0.000000,
1.580001,0.482544,-10.543860,6.572508,13.990846,14.500000,0.000054,0.000000,
1.590064,0.378674,-10.321459,6.576318,13.994656,14.500000,0.000019,0.000000,
1.600073,0.276190,-10.239689,6.579083,13.997421,14.500000,0.000004,0.000000,
1.610095,0.174999,-10.096531,6.580837,13.999175,14.500000,0.000000,0.000000,
1.620309,0.073472,-9.940127,6.581587,13.999925,14.500000,0.000000,0.000000,
0.000000,0.000000,0.000000,0.000000,8.200000,9.750000,0.000000,0.000000,
0.010000,0.052519,5.251906,0.000525,8.200525,9.750000,0.000000,0.000000,
0.020000,0.150255,9.773563,0.002028,8.202028,9.750000,0.000003,0.000000,
0.030000,0.251083,10.082785,0.004539,8.204539,9.750000,0.000014,0.000000,
0.040000,0.352894,10.181065,0.008068,8.208068,9.750000,0.000042,0.000000,
0.050000,0.456074,10.317807,0.012628,8.212628,9.750000,0.000103,0.000000,
0.060001,0.560999,10.492124,0.018239,8.218239,9.750001,0.000213,0.000000,
0.070001,0.668036,10.702896,0.024919,8.224919,9.750003,0.000393,0.000000,
0.080003,0.777536,10.948663,0.032696,8.232696,9.750007,0.000669,0.000000,
0.090005,0.889836,11.227704,0.041596,8.241596,9.750015,0.001067,0.000000,
0.100008,1.005253,11.537938,0.051652,8.251652,9.750028,0.001619,0.000000,
0.110013,1.124079,11.876938,0.062898,8.262898,9.750051,0.002359,0.000000,
0.120020,1.246582,12.241911,0.075372,8.275372,9.750086,0.003324,0.000000,
0.130010,1.372876,12.641573,0.089088,8.289088,9.750140,0.004550,0.000000,
0.140006,1.503169,13.034027,0.104114,8.304114,9.750219,0.006080,0.000000,
0.150009,1.637764,13.455660,0.120496,8.320496,9.750334,0.007958,0.000000,
0.160003,1.776668,13.898602,0.138253,8.338251,9.750495,0.010223,0.000000,
0.170007,1.919961,14.324015,0.157459,8.357456,9.750717,0.012923,0.000000,
0.180007,2.067681,14.772116,0.178136,8.378131,9.751016,0.016100,0.000000,
0.190006,2.219699,15.202854,0.200331,8.400323,9.751414,0.019797,0.000000,
0.200008,2.375942,15.621752,0.224095,8.424080,9.751934,0.024059,0.000000,
0.210003,2.536176,16.031771,0.249443,8.449420,9.752605,0.028921,0.000000,
0.220006,2.700202,16.396295,0.276455,8.476419,9.753459,0.034430,0.000000,
0.230011,2.867758,16.748011,0.305146,8.505089,9.754534,0.040618,0.000000,
0.240010,3.038326,17.058618,0.335526,8.535440,9.755871,0.047513,0.000000,
0.250008,3.211420,17.311992,0.367635,8.567507,9.757516,0.055146,0.000000,
0.260002,3.386499,17.519507,0.401478,8.601290,9.759519,0.063534,0.000000,
0.270005,3.563043,17.647957,0.437122,8.636852,9.761941,0.072710,0.000000,
0.280006,3.740395,17.734198,0.474528,8.674145,9.764837,0.082674,0.000000,
0.290001,3.917680,17.737209,0.513685,8.713152,9.768271,0.093428,0.000000,
0.300007,4.094239,17.646196,0.554650,8.753917,9.772314,0.104990,0.000000,
0.310004,4.269233,17.504617,0.597330,8.796335,9.777028,0.117329,0.000000,
0.320000,4.441738,17.256205,0.641732,8.840401,9.782486,0.130441,0.000000,
0.330005,4.611067,16.925372,0.687864,8.886103,9.788763,0.144315,0.000000,
0.340001,4.776344,16.533546,0.735610,8.933311,9.795919,0.158901,0.000000,
0.350006,4.936809,16.038082,0.785004,8.982034,9.804032,0.174190,0.000000,
0.360006,5.091778,15.496992,0.835922,9.032127,9.813156,0.190119,0.000000,
0.370003,5.240534,14.880688,0.888309,9.083513,9.823349,0.206645,0.000000,
0.380006,5.382641,14.206991,0.942149,9.136149,9.834675,0.223733,0.000000,
0.390002,5.517668,13.507822,0.997305,9.189872,9.847166,0.241305,0.000000,
0.400001,5.645312,12.765291,1.053754,9.244632,9.860872,0.259320,0.000000,
0.410006,5.765491,12.012544,1.111435,9.300339,9.875830,0.277721,0.000000,
0.420003,5.878121,11.265411,1.170204,9.356827,9.892046,0.296423,0.000000,
0.430004,5.983293,10.516922,1.230038,9.414044,9.909548,0.315379,0.000000,
0.440001,6.081251,9.798206,1.290835,9.471865,9.928337,0.334516,0.000000,
0.450004,6.172331,9.105528,1.352576,9.530245,9.948428,0.353785,0.000000,
0.460006,6.256954,8.460374,1.415159,9.589064,9.969806,0.373114,0.000000,
0.470002,6.335552,7.863122,1.478489,9.648208,9.992446,0.392432,0.000000,
0.480004,6.408688,7.311771,1.542591,9.707683,10.016359,0.411706,0.000000,
0.490000,6.476923,6.826489,1.607332,9.767346,10.041495,0.430855,0.000000,
0.500001,6.540828,6.390142,1.672744,9.827210,10.067857,0.449850,0.000000,
0.510005,6.601009,6.015754,1.738780,9.887220,10.095417,0.468639,0.000000,
0.520003,6.657992,5.699085,1.805351,9.947284,10.124123,0.487161,0.000000,
0.530000,6.712298,5.432181,1.872455,10.007392,10.153954,0.505381,0.000000,
0.540005,6.764459,5.213643,1.940131,10.067574,10.184909,0.523276,0.000000,
0.550001,6.814912,5.047280,2.008253,10.127713,10.216907,0.540782,0.000000,
0.560003,6.864063,4.914297,2.076904,10.187883,10.249962,0.557891,0.000000,
0.570005,6.912299,4.822497,2.146043,10.248046,10.284030,0.574565,0.000000,
0.580003,6.959913,4.762440,2.215628,10.308168,10.319063,0.590768,0.000000,
0.590003,7.007179,4.726673,2.285698,10.368288,10.355055,0.606487,0.000000,
0.600004,7.054337,4.715093,2.356252,10.428410,10.391978,0.621697,0.000000,
0.610001,7.101557,4.723444,2.427246,10.488502,10.429780,0.636369,0.000000,
0.620004,7.148994,4.742174,2.498759,10.548641,10.468478,0.650500,0.000000,
0.630001,7.196753,4.777589,2.570701,10.608758,10.507994,0.664052,0.000000,
0.640001,7.244903,4.815058,2.643149,10.668929,10.548344,0.677025,0.000000,
0.650002,7.293510,4.860120,2.716092,10.729157,10.589495,0.689399,0.000000,
0.660002,7.342583,4.907239,2.789520,10.789442,10.631414,0.701157,0.000000,
0.670004,7.392120,4.952517,2.863458,10.849823,10.674089,0.712287,0.000000,
0.680000,7.442079,4.998042,2.937848,10.910262,10.717459,0.722766,0.000000,
0.690003,7.492427,5.033132,3.012797,10.970862,10.761560,0.732595,0.000000,
0.700005,7.543110,5.067481,3.088239,11.031586,10.806327,0.741750,0.000000,
0.710001,7.594009,5.092058,3.164148,11.092429,10.851718,0.750214,0.000000,
0.720004,7.645048,5.102348,3.240621,11.153485,10.897764,0.757982,0.000000,
0.730004,7.696116,5.106779,3.317583,11.214713,10.944393,0.765029,0.000000,
0.740002,7.747056,5.095073,3.395037,11.276134,10.991580,0.771341,0.000000,
0.750004,7.797736,5.067078,3.473029,11.337804,11.039324,0.776903,0.000000,
0.760004,7.847989,5.025201,3.551510,11.399706,11.087568,0.781692,0.000000,
0.770002,7.897615,4.963397,3.630474,11.461856,11.136278,0.785688,0.000000,
0.780003,7.946418,4.879732,3.709947,11.524298,11.185442,0.788870,0.000000,
0.790001,7.994165,4.775865,3.789869,11.587008,11.234990,0.791210,0.000000,
0.800004,8.040607,4.642893,3.870297,11.650056,11.284925,0.792685,0.000000,
0.810004,8.085463,4.485413,3.951157,11.713411,11.335169,0.793262,0.000000,
0.820002,8.052621,-3.284986,4.031666,11.776488,11.385199,0.792917,0.000000,
0.830002,7.898640,-15.398180,4.110651,11.838395,11.434253,0.791668,0.000000,
0.840004,7.744693,-15.392096,4.188112,11.899156,11.482296,0.789544,0.000000,
0.850000,7.592148,-15.259748,4.264007,11.958764,11.529275,0.786574,0.000000,
0.860001,7.440728,-15.141034,4.338419,12.017303,11.575213,0.782782,0.000000,
0.870005,7.290131,-15.053498,4.411350,12.074794,11.620088,0.778190,0.000000,
0.880001,7.140238,-14.995093,4.482725,12.131194,11.663831,0.772825,0.000000,
0.890000,6.990859,-14.939206,4.552628,12.186584,11.706472,0.766702,0.000000,
0.900003,6.841738,-14.908331,4.621062,12.240981,11.747996,0.759837,0.000000,
0.910004,6.692755,-14.896804,4.687997,12.294372,11.788365,0.752251,0.000000,
0.920004,6.543798,-14.894664,4.753439,12.346771,11.827570,0.743960,0.000000,
0.930000,6.394773,-14.908601,4.817361,12.398165,11.865578,0.734983,0.000000,
0.940005,6.245506,-14.920028,4.879844,12.448627,11.902426,0.725322,0.000000,
0.950003,6.095925,-14.961304,4.940790,12.498081,11.938045,0.715006,0.000000,
0.960002,5.946010,-14.992342,5.000247,12.546570,11.972453,0.704041,0.000000,
0.970000,5.795672,-15.036957,5.058191,12.594078,12.005628,0.692444,0.000000,
0.980005,5.644833,-15.075798,5.114670,12.640642,12.037591,0.680220,0.000000,
0.990004,5.493521,-15.133099,5.169598,12.686193,12.068287,0.667400,0.000000,
1.000000,5.341827,-15.175623,5.222994,12.730742,12.097724,0.653995,0.000000,
1.010003,5.189687,-15.209322,5.274907,12.774326,12.125926,0.640007,0.000000,
1.020000,5.037194,-15.253929,5.325264,12.816878,12.152854,0.625473,0.000000,
1.030002,4.884465,-15.270056,5.374118,12.858436,12.178537,0.610396,0.000000,
1.040002,4.731603,-15.285954,5.421435,12.898962,12.202961,0.594804,0.000000,
1.050000,4.578834,-15.279581,5.467215,12.938445,12.226132,0.578722,0.000000,
1.060003,4.426328,-15.246682,5.511489,12.976902,12.248072,0.562163,0.000000,
1.070005,4.274337,-15.196749,5.554240,13.014301,12.268782,0.545162,0.000000,
1.080000,4.123243,-15.115969,5.595454,13.050618,12.288267,0.527757,0.000000,
1.090004,3.973330,-14.985704,5.635202,13.085898,12.306576,0.509955,0.000000,
1.100006,3.824970,-14.833519,5.673458,13.120102,12.323711,0.491809,0.000000,
1.110002,3.678706,-14.631837,5.710232,13.153220,12.339696,0.473364,0.000000,
1.120002,3.534979,-14.371968,5.745583,13.185287,12.354577,0.454643,0.000000,
1.130005,3.394263,-14.068284,5.779534,13.216302,12.368387,0.435694,0.000000,
1.140001,3.257182,-13.713232,5.812093,13.246254,12.381153,0.416580,0.000000,
1.150003,3.124285,-13.287609,5.843341,13.275196,12.392933,0.397332,0.000000,
1.160002,2.996119,-12.816651,5.873302,13.303131,12.403765,0.378015,0.000000,
1.170001,2.873299,-12.284315,5.902030,13.330087,12.413696,0.358688,0.000000,
1.180004,2.756325,-11.693636,5.929602,13.356119,12.422784,0.339397,0.000000,
1.190007,2.645687,-11.060704,5.956066,13.381251,12.431074,0.320213,0.000000,
1.200003,2.541879,-10.384195,5.981477,13.405517,12.438615,0.301211,0.000000,
1.210002,2.445230,-9.665866,6.005927,13.428988,12.445465,0.282437,0.000000,
1.220006,2.355941,-8.926070,6.029494,13.451721,12.451676,0.263953,0.000000,
1.230001,2.274189,-8.178612,6.052226,13.473749,12.457292,0.245844,0.000000,
1.240006,2.199969,-7.418727,6.074235,13.495165,12.462367,0.228140,0.000000,
1.250007,2.133145,-6.681506,6.095570,13.516003,12.466942,0.210924,0.000000,
1.260000,2.073520,-5.966705,6.116290,13.536311,12.471056,0.194259,0.000000,
1.270001,2.020677,-5.283600,6.136500,13.556179,12.474756,0.178171,0.000000,
1.280006,1.974095,-4.656242,6.156249,13.575648,12.478074,0.162715,0.000000,
1.290007,1.933206,-4.088546,6.175583,13.594753,12.481041,0.147943,0.000000,
1.300005,1.897330,-3.587962,6.194554,13.613538,12.483687,0.133891,0.000000,
1.310002,1.865710,-3.163008,6.213205,13.632041,12.486041,0.120586,0.000000,
1.320006,1.837530,-2.816924,6.231587,13.650304,12.488128,0.108041,0.000000,
1.330008,1.811967,-2.555845,6.249710,13.668333,12.489969,0.096283,0.000000,
1.340006,1.788203,-2.376852,6.267589,13.686139,12.491585,0.085324,0.000000,
1.350008,1.765411,-2.278737,6.285247,13.703740,12.492996,0.075157,0.000000,
1.360002,1.742807,-2.261753,6.302664,13.721114,12.494220,0.065790,0.000000,
1.370004,1.719641,-2.316231,6.319864,13.738281,12.495275,0.057199,0.000000,
1.380009,1.695205,-2.442144,6.336826,13.755219,12.496176,0.049370,0.000000,
1.390004,1.668892,-2.632731,6.353505,13.771882,12.496939,0.042295,0.000000,
1.400003,1.640142,-2.875448,6.369904,13.788268,12.497580,0.035933,0.000000,
1.410011,1.608433,-3.168387,6.386002,13.804357,12.498111,0.030253,0.000000,
1.420009,1.573367,-3.507174,6.401733,13.820082,12.498547,0.025230,0.000000,
1.430001,1.534632,-3.876698,6.417066,13.835411,12.498899,0.020824,0.000000,
1.440002,1.491926,-4.270237,6.431987,13.850329,12.499181,0.016987,0.000000,
1.450003,1.445027,-4.689352,6.446439,13.864779,12.499402,0.013682,0.000000,
1.460007,1.393813,-5.119249,6.460383,13.878722,12.499573,0.010864,0.000000,
1.470001,1.338240,-5.560519,6.473757,13.892096,12.499702,0.008494,0.000000,
1.480003,1.278284,-5.994251,6.486543,13.904882,12.499798,0.006522,0.000000,
1.490018,1.213917,-6.427539,6.498700,13.917038,12.499867,0.004905,0.000000,
1.500008,1.145335,-6.864921,6.510142,13.928480,12.499915,0.003606,0.000000,
1.510014,1.072667,-7.262318,6.520875,13.939213,12.499948,0.002579,0.000000,
1.520018,0.996018,-7.662096,6.530839,13.949177,12.499970,0.001786,0.000000,
1.530019,0.915672,-8.033274,6.539997,13.958335,12.499984,0.001190,0.000000,
1.540019,0.831881,-8.379230,6.548316,13.966654,12.499992,0.000756,0.000000,
1.550017,0.744925,-8.697057,6.555764,13.974102,12.499996,0.000453,0.000000,
1.560014,0.655112,-8.984290,6.562313,13.980651,12.499998,0.000251,0.000000,
1.570009,0.562772,-9.238872,6.567937,13.986276,12.499999,0.000126,0.000000,
1.580001,0.468259,-9.459058,6.572616,13.990954,12.500000,0.000054,0.000000,
1.590064,0.371576,-9.607392,6.576356,13.994694,12.500000,0.000019,0.000000,
1.600073,0.273340,-9.815094,6.579091,13.997429,12.500000,0.000004,0.000000,
1.610095,0.174222,-9.889773,6.580837,13.999175,12.500000,0.000000,0.000000,
1.620309,0.073387,-9.872360,6.581587,13.999925,12.500000,0.000000,0.000000,
