Potato
273
0.000000,0.000000,0.000000,0.000079,0.000000,0.000000,0.000000,0.000000,
0.010550,0.060285,5.714286,0.000715,0.000636,0.000000,0.000000,0.000056,
0.020332,0.154411,9.621971,0.002226,0.002146,0.000000,0.000000,0.000189,
0.030105,0.252185,10.005007,0.004690,0.004611,0.000000,0.000001,0.000406,
0.040074,0.350892,9.901555,0.008188,0.008109,0.000000,0.000003,0.000713,
0.050122,0.450977,9.960552,0.012720,0.012640,0.000000,0.000007,0.001110,
0.060077,0.550995,10.046521,0.018205,0.018126,0.000000,0.000014,0.001591,
0.070093,0.650852,9.969868,0.024724,0.024645,0.000000,0.000027,0.002161,
0.080047,0.750702,10.030949,0.032197,0.032117,0.000000,0.000045,0.002812,
0.090049,0.850479,9.976486,0.040703,0.040623,0.000001,0.000072,0.003551,
0.100003,0.950257,10.023456,0.050162,0.050082,0.000002,0.000110,0.004371,
0.110068,1.050353,9.945207,0.060734,0.060654,0.000003,0.000161,0.005284,
0.120016,1.150419,10.058400,0.072179,0.072099,0.000005,0.000227,0.006269,
0.130058,1.250373,9.953380,0.084735,0.084655,0.000009,0.000313,0.007347,
0.140003,1.350308,10.048804,0.098164,0.098084,0.000014,0.000419,0.008494,
0.150029,1.450161,9.959722,0.112703,0.112623,0.000021,0.000552,0.009733,
0.160021,1.550247,10.017127,0.128192,0.128112,0.000031,0.000713,0.011047,
0.170030,1.650250,9.991051,0.144710,0.144630,0.000044,0.000907,0.012443,
0.180009,1.750192,10.014974,0.162175,0.162096,0.000062,0.001137,0.013912,
0.190004,1.850063,9.992086,0.180667,0.180587,0.000085,0.001409,0.015464,
0.200012,1.950075,9.993734,0.200182,0.200103,0.000116,0.001726,0.017096,
0.210029,2.050198,9.995139,0.220719,0.220640,0.000155,0.002095,0.018807,
0.220017,2.150224,10.014375,0.242196,0.242117,0.000204,0.002518,0.020591,
0.230013,2.250147,9.995855,0.264690,0.264610,0.000266,0.003003,0.022455,
0.240016,2.350140,9.997043,0.288196,0.288117,0.000343,0.003553,0.024400,
0.250021,2.450179,9.998128,0.312712,0.312633,0.000438,0.004176,0.026423,
0.260029,2.550244,9.999134,0.338233,0.338154,0.000553,0.004878,0.028528,
0.270007,2.650169,10.014725,0.364676,0.364596,0.000692,0.005661,0.030706,
0.280013,2.750087,9.985855,0.392194,0.392113,0.000860,0.006537,0.032974,
0.290014,2.850125,10.001912,0.420700,0.420619,0.001060,0.007511,0.035326,
0.300011,2.950114,10.002775,0.450190,0.450108,0.001297,0.008588,0.037763,
0.310025,3.050164,9.990986,0.480734,0.480651,0.001578,0.009781,0.040294,
0.320003,3.150125,10.017587,0.512168,0.512083,0.001905,0.011088,0.042910,
0.330018,3.250093,9.981650,0.544718,0.544631,0.002289,0.012529,0.045630,
0.340018,3.350165,10.007663,0.578218,0.578129,0.002735,0.014105,0.048446,
0.350000,3.450073,10.008436,0.612658,0.612565,0.003250,0.015824,0.051363,
0.360007,3.550018,9.987649,0.648183,0.648085,0.003845,0.017702,0.054397,
0.370012,3.650075,10.000831,0.684701,0.684597,0.004528,0.019746,0.057546,
0.380012,3.750095,10.002495,0.722201,0.722088,0.005310,0.021964,0.060817,
0.390003,3.850046,10.004116,0.760666,0.760544,0.006200,0.024368,0.064216,
0.400001,3.949992,9.996105,0.800160,0.800025,0.007213,0.026973,0.067755,
0.410002,4.049988,9.998461,0.840664,0.840513,0.008362,0.029791,0.071445,
0.420001,4.149988,10.000730,0.882161,0.881990,0.009660,0.032834,0.075294,
0.430012,4.250035,9.994115,0.924707,0.924511,0.011125,0.036121,0.079320,
0.440011,4.350083,10.005534,0.968204,0.967978,0.012771,0.039660,0.083526,
0.450011,4.450078,9.999239,1.012706,1.012441,0.014618,0.043472,0.087933,
0.460008,4.550057,10.001913,1.058189,1.057877,0.016686,0.047572,0.092555,
0.470010,4.650046,9.996596,1.104700,1.104332,0.018997,0.051984,0.097417,
0.480012,4.750068,9.999738,1.152212,1.151774,0.021575,0.056727,0.102536,
0.490009,4.850060,10.002776,1.200695,1.200173,0.024442,0.061820,0.107934,
0.500008,4.950034,9.998417,1.250191,1.249566,0.027630,0.067291,0.113641,
0.510003,5.050001,10.001846,1.300665,1.299916,0.031164,0.073164,0.119683,
0.520000,5.149962,9.998240,1.352153,1.351256,0.035081,0.079473,0.126100,
0.530007,5.249982,9.995261,1.404689,1.403613,0.039417,0.086253,0.132934,
0.540001,5.349985,10.005977,1.458158,1.456868,0.044202,0.093525,0.140214,
0.550002,5.449955,9.996695,1.512660,1.511113,0.049485,0.101340,0.148004,
0.560012,5.550004,9.994876,1.568215,1.566363,0.055314,0.109747,0.156361,
0.570010,5.650043,10.005638,1.624706,1.622489,0.061724,0.118772,0.165337,
0.580000,5.749981,10.003807,1.682148,1.679498,0.068769,0.128471,0.175005,
0.590007,5.849965,9.991017,1.740691,1.737526,0.076524,0.138927,0.185477,
0.600010,5.950012,10.002165,1.800206,1.796429,0.085035,0.150184,0.196831,
0.610009,6.050015,10.001642,1.860698,1.856197,0.094370,0.162313,0.209182,
0.620004,6.149981,10.001491,1.922168,1.916810,0.104600,0.175396,0.222662,
0.630008,6.209744,5.973871,1.984290,1.977925,0.115744,0.189447,0.237346,
0.640002,6.123144,-8.665073,2.045486,2.037970,0.127556,0.204162,0.252978,
0.650009,6.023142,-9.993512,2.105758,2.096935,0.140043,0.219564,0.269640,
0.660009,5.923110,-10.003151,2.164989,2.154690,0.153183,0.235643,0.287383,
0.670004,5.823135,-10.002167,2.223193,2.211237,0.166976,0.252421,0.306298,
0.680007,5.723144,-9.995651,2.280444,2.266631,0.181439,0.269940,0.326506,
0.690001,5.623162,-10.004786,2.336639,2.320760,0.196538,0.288189,0.348067,
0.700009,5.523157,-9.992448,2.391915,2.373739,0.212305,0.307232,0.371143,
0.710003,5.423149,-10.006534,2.446115,2.425406,0.228684,0.327035,0.395784,
0.720010,5.323148,-9.993628,2.499381,2.475879,0.245705,0.347668,0.422173,
0.730001,5.223165,-10.007419,2.551565,2.525005,0.263305,0.369090,0.450363,
0.740003,5.123202,-9.993906,2.602810,2.572906,0.281512,0.391376,0.480562,
0.750001,5.023204,-10.001880,2.653031,2.619490,0.300276,0.414503,0.512861,
0.760009,4.924336,-9.878592,2.702315,2.664826,0.319606,0.438527,0.547462,
0.770001,4.830789,-9.361949,2.750586,2.708831,0.339444,0.463420,0.584468,
0.780005,4.743353,-8.740499,2.798036,2.751671,0.359845,0.489297,0.624195,
0.790003,4.661815,-8.155804,2.844643,2.793315,0.380773,0.516164,0.666824,
0.800011,4.586033,-7.571780,2.890542,2.833870,0.402267,0.544123,0.712701,
0.810001,4.515920,-7.017999,2.935658,2.873260,0.424264,0.573152,0.761985,
0.820003,4.451356,-6.455619,2.980177,2.911634,0.446831,0.603396,0.815150,
0.830009,4.392171,-5.915019,3.024125,2.949002,0.469961,0.634912,0.872545,
0.840002,4.338347,-5.385939,3.067480,2.985334,0.493617,0.667720,0.934490,
0.850000,4.289804,-4.855073,3.110371,3.020725,0.517846,0.701960,1.001548,
0.860009,4.246426,-4.333904,3.152873,3.055223,0.542672,0.737745,1.074301,
0.870012,4.208192,-3.822599,3.194965,3.088795,0.568059,0.775114,1.153210,
0.880001,4.175098,-3.312854,3.236672,3.121452,0.594001,0.814149,1.238882,
0.890007,4.147070,-2.801149,3.278167,3.153313,0.620584,0.855084,1.332320,
0.900000,4.124086,-2.299978,3.319379,3.184309,0.647743,0.897929,1.434113,
0.910009,4.106140,-1.792980,3.360477,3.214552,0.675571,0.942955,1.545531,
0.920005,4.093230,-1.291596,3.401391,3.243974,0.704000,0.990188,1.667363,
0.930004,4.085371,-0.785987,3.442241,3.272648,0.733094,1.039877,1.801060,
0.940011,4.082573,-0.279575,3.483099,3.300605,0.762888,1.092247,1.948166,
0.950010,4.084871,0.229836,3.523942,3.327814,0.793347,1.147415,2.110088,
0.960004,4.092300,0.743332,3.564842,3.354308,0.824506,1.205638,2.288797,
0.970011,4.104920,1.261165,3.605918,3.380143,0.856438,1.267275,2.486823,
0.980011,4.122799,1.787922,3.647146,3.405287,0.889109,1.332506,2.706393,
0.990009,4.146006,2.321176,3.688597,3.429765,0.922560,1.401679,2.950588,
1.000009,4.174644,2.863829,3.730344,3.453600,0.956832,1.475184,3.223013,
1.010003,4.208822,3.419591,3.772409,3.476787,0.991929,1.553367,3.527515,
1.020007,4.248686,3.984943,3.814912,3.499370,1.027934,1.636800,3.869435,
1.030001,4.294384,4.572721,3.857829,3.521315,1.064815,1.725834,4.253766,
1.040009,4.346116,5.168878,3.901326,3.542686,1.102699,1.821271,4.688229,
1.050002,4.404077,5.800441,3.945334,3.563425,1.141513,1.923472,5.179568,
1.060002,4.468491,6.441366,3.990019,3.583590,1.181388,2.033409,5.738407,
1.070010,4.539725,7.117398,4.035454,3.603188,1.222378,2.151957,6.376464,
1.080006,4.618046,7.835085,4.081617,3.622185,1.264450,2.279834,7.106206,
1.090001,4.703795,8.579799,4.128628,3.640607,1.307700,2.418260,7.945014,
1.100002,4.797480,9.367080,4.176611,3.658477,1.352229,2.568643,8.914024,
1.110004,4.896890,9.938909,4.225590,3.675776,1.398050,2.732275,10.036785,
1.120001,4.996886,10.002850,4.275542,3.692473,1.445128,2.910421,11.340528,
1.130007,5.096900,9.995570,4.326541,3.708574,1.493518,3.104857,12.859830,
1.140007,5.196931,10.003085,4.378510,3.724037,1.543132,3.316973,14.631389,
1.150005,5.296922,10.001032,4.431469,3.738859,1.593973,3.548684,16.701665,
1.160005,5.396911,9.999288,4.485437,3.753038,1.646044,3.802108,19.125100,
1.170009,5.496931,9.997844,4.540429,3.766574,1.699343,4.079568,21.965286,
1.180001,5.596915,10.005760,4.596357,3.779448,1.753768,4.383013,25.288176,
1.190003,5.696886,9.995620,4.653334,3.791690,1.809413,4.715631,29.180937,
1.200005,5.796905,9.999463,4.711317,3.803300,1.866222,5.079917,33.728212,
1.210001,5.896896,10.003386,4.770260,3.814280,1.924133,5.478319,39.014717,
1.220008,5.996907,9.994344,4.830271,3.824666,1.983236,5.914273,45.134398,
1.230008,6.096943,10.003113,4.891243,3.834458,2.043416,6.389480,52.142250,
1.240002,6.196913,10.003250,4.953173,3.843679,2.104656,6.905756,60.059185,
1.250005,6.296897,9.995175,5.016162,3.852369,2.167042,7.464933,68.844801,
1.260008,6.396923,10.000177,5.080147,3.860548,2.230502,8.066031,78.317932,
1.270008,6.496934,10.001076,5.145117,3.868247,2.295013,8.706277,88.111155,
1.280003,6.596909,10.002164,5.211055,3.875499,2.360550,9.379810,97.601306,
1.290007,6.696904,9.995339,5.278052,3.882353,2.427195,10.077840,105.850108,
1.300001,6.796891,10.005033,5.345978,3.888837,2.494811,10.784231,111.517415,
1.310004,6.896875,9.994745,5.414972,3.895010,2.563528,11.479763,112.968691,
1.320006,6.996898,10.000785,5.484952,3.900915,2.633258,12.136746,108.407768,
1.330001,7.096879,10.002921,5.555886,3.906601,2.703964,12.722695,96.288601,
1.340001,7.196849,9.997539,5.627850,3.912132,2.775715,13.202636,75.793233,
1.350007,7.296872,9.996427,5.700862,3.917572,2.848524,13.541099,47.431104,
1.360006,7.396894,10.003062,5.774825,3.922980,2.922289,13.707387,13.415587,
1.370001,7.457267,6.040355,5.849360,3.928401,2.996626,13.682529,-22.449757,
1.380003,7.371004,-8.624117,5.923089,3.933812,3.070156,13.469773,-55.336649,
1.390003,7.270987,-10.001464,5.995800,3.939266,3.142663,13.092093,-81.798115,
1.400003,7.170983,-10.000465,6.067510,3.944832,3.214156,12.581533,-100.153592,
1.410006,7.070969,-9.999164,6.138235,3.950571,3.284649,11.973803,-110.245186,
1.420005,6.970957,-10.001526,6.207942,3.956537,3.354100,11.304261,-113.102832,
1.430006,6.870953,-9.999742,6.276657,3.962785,3.422530,10.603702,-110.410044,
1.440004,6.770959,-10.001698,6.344351,3.969359,3.489904,9.897665,-103.939583,
1.450003,6.670972,-9.999401,6.411056,3.976309,3.556246,9.204930,-95.264788,
1.460001,6.570985,-10.000916,6.476751,3.983672,3.621528,8.539105,-85.619812,
1.470003,6.470985,-9.998076,6.541474,3.991490,3.685776,7.908416,-75.858701,
1.480007,6.370954,-9.999112,6.605208,3.999797,3.748967,7.317844,-66.532630,
1.490002,6.270954,-10.004231,6.667891,4.008615,3.811027,6.769970,-57.963508,
1.500005,6.170960,-9.996375,6.729620,4.017985,3.872040,6.263969,-50.271733,
1.510007,6.070938,-10.001032,6.790336,4.027925,3.931937,5.799083,-43.494878,
1.520005,5.970939,-10.001238,6.850037,4.038454,3.990703,5.373231,-37.597459,
1.530002,5.870964,-10.001208,6.908725,4.049591,4.048324,4.983859,-32.508133,
1.540005,5.770966,-9.996434,6.966454,4.061361,4.104840,4.627896,-28.135531,
1.550007,5.670937,-10.000296,7.023178,4.073767,4.160191,4.302893,-24.393747,
1.560002,5.570953,-10.004083,7.078856,4.086806,4.214320,4.006373,-21.201417,
1.570008,5.470950,-9.993847,7.133601,4.100509,4.267322,3.735200,-18.472668,
1.580002,5.370952,-10.006416,7.187275,4.114842,4.319046,3.487686,-16.145759,
1.590004,5.270977,-9.995535,7.239995,4.129831,4.369590,3.261095,-14.155588,
1.600009,5.170944,-9.998361,7.291730,4.145462,4.418907,3.053601,-12.451515,
1.610001,5.070959,-10.006015,7.342402,4.161696,4.466907,2.863694,-10.992147,
1.620005,4.970978,-9.994047,7.392132,4.178556,4.513691,2.689287,-9.736687,
1.630006,4.870956,-10.001352,7.440846,4.195998,4.559175,2.529187,-8.655465,
1.640006,4.772427,-9.853000,7.488569,4.214005,4.603370,2.381989,-7.721601,
1.650006,4.680802,-9.162655,7.535376,4.232580,4.646333,2.246304,-6.911773,
1.660005,4.596990,-8.381978,7.581342,4.251726,4.688121,2.120913,-6.206836,
1.670003,4.520566,-7.643941,7.626539,4.271449,4.728786,2.004747,-5.590509,
1.680000,4.451148,-6.943483,7.671039,4.291755,4.768383,1.896863,-5.049825,
1.690010,4.388382,-6.270732,7.714964,4.312678,4.807003,1.796326,-4.573061,
1.700011,4.332020,-5.635504,7.758290,4.334185,4.844613,1.702618,-4.152186,
1.710006,4.281872,-5.017161,7.801089,4.356287,4.881263,1.615074,-3.779217,
1.720010,4.237686,-4.417081,7.843479,4.379024,4.917039,1.533013,-3.447194,
1.730002,4.199302,-3.841492,7.885439,4.402363,4.951908,1.456095,-3.151383,
1.740008,4.166554,-3.272545,7.927133,4.426375,4.985991,1.383680,-2.886297,
1.750011,4.139306,-2.724050,7.968538,4.451030,5.019254,1.315517,-2.648559,
1.760003,4.117482,-2.184232,8.009679,4.476321,5.051702,1.251297,-2.434940,
1.770011,4.100964,-1.650463,8.050720,4.502331,5.083448,1.190531,-2.241961,
1.780005,4.089679,-1.129205,8.091592,4.528998,5.114421,1.133120,-2.067688,
1.790001,4.083569,-0.611205,8.132414,4.556380,5.144694,1.078711,-1.909770,
1.800005,4.082577,-0.099168,8.173256,4.584510,5.174303,1.027051,-1.766231,
1.810011,4.086672,0.409258,8.214144,4.613390,5.203247,0.977971,-1.635564,
1.820011,4.095826,0.915396,8.255103,4.643019,5.231524,0.931311,-1.516452,
1.830011,4.110020,1.419385,8.296204,4.673434,5.259167,0.886876,-1.407622,
1.840005,4.129244,1.923491,8.337473,4.704638,5.286174,0.844537,-1.308041,
1.850011,4.153514,2.425612,8.379033,4.736710,5.312603,0.804082,-1.216613,
1.860011,4.182847,2.933433,8.420859,4.769616,5.338420,0.765456,-1.132662,
1.870010,4.217251,3.440633,8.463028,4.803402,5.363651,0.728519,-1.055396,
1.880002,4.256753,3.953152,8.505564,4.838073,5.388291,0.693184,-0.984239,
1.890006,4.301422,4.465199,8.548595,4.873720,5.412391,0.659293,-0.918452,
1.900004,4.351316,4.990582,8.592097,4.910312,5.435915,0.626818,-0.857695,
1.910001,4.406471,5.517159,8.636149,4.947899,5.458884,0.595655,-0.801447,
1.920003,4.466996,6.051266,8.680828,4.986539,5.481315,0.565714,-0.749264,
1.930004,4.532987,6.598011,8.726165,5.026242,5.503199,0.536944,-0.700839,
1.940011,4.604548,7.151496,8.772240,5.067070,5.524551,0.509266,-0.655807,
1.950005,4.681757,7.725386,8.819031,5.108989,5.545336,0.482668,-0.613947,
1.960004,4.764741,8.299481,8.866672,5.152108,5.565590,0.457050,-0.574939,
1.970001,4.853692,8.897754,8.915195,5.196445,5.585302,0.432380,-0.538547,
1.980001,4.948761,9.506363,8.964685,5.242067,5.604480,0.408598,-0.504559,
1.990003,5.048255,9.947903,9.015175,5.288992,5.623111,0.385680,-0.472802,
2.000010,5.148302,9.997259,9.066696,5.337239,5.641181,0.363597,-0.443102,
2.010008,5.248327,10.005298,9.119165,5.386716,5.658640,0.342371,-0.415362,
2.020011,5.348331,9.997247,9.172665,5.437489,5.675500,0.321951,-0.389433,
2.030003,5.448309,10.005651,9.227106,5.489456,5.691717,0.302353,-0.365203,
2.040010,5.548306,9.992830,9.282627,5.542738,5.707320,0.283509,-0.342512,
2.050003,5.648308,10.006967,9.339072,5.597169,5.722256,0.265451,-0.321314,
2.060007,5.748295,9.994701,9.396578,5.652868,5.736554,0.248117,-0.301439,
2.070003,5.848298,10.003884,9.455040,5.709718,5.750183,0.231518,-0.282818,
2.080005,5.948290,9.997431,9.514533,5.767778,5.763158,0.215612,-0.265359,
2.090004,6.048291,10.001722,9.575006,5.826983,5.775469,0.200393,-0.248968,
2.100000,6.148266,10.000954,9.636467,5.887329,5.787119,0.185841,-0.233578,
2.110004,6.210237,6.194482,9.698596,5.948486,5.798057,0.172003,-0.219171,
2.120007,6.124905,-8.530650,9.759863,6.008930,5.808062,0.159159,-0.205976,
2.130000,6.024922,-10.005446,9.820070,6.068441,5.817176,0.147266,-0.193898,
2.140005,5.924927,-9.994275,9.879350,6.127133,5.825493,0.136216,-0.182763,
2.150001,5.824919,-10.005131,9.937574,6.184863,5.833058,0.125964,-0.172515,
2.160000,5.724939,-9.998618,9.994820,6.241692,5.839943,0.116433,-0.163014,
2.170006,5.624910,-9.997262,10.051100,6.297623,5.846205,0.107564,-0.154205,
2.180009,5.524865,-10.001846,10.106364,6.352593,5.851890,0.099315,-0.145996,
2.190012,5.424830,-10.000017,10.160631,6.406614,5.857046,0.091637,-0.138335,
2.200008,5.324832,-10.004442,10.213855,6.459631,5.861713,0.084494,-0.131177,
2.210014,5.224821,-9.995107,10.266134,6.511739,5.865941,0.077836,-0.124450,
2.220008,5.124814,-10.005902,10.317356,6.562818,5.869758,0.071642,-0.118135,
2.230013,5.024813,-9.995560,10.367627,6.612969,5.873205,0.065868,-0.112171,
2.240005,4.924826,-10.006439,10.416837,6.662081,5.876307,0.060498,-0.106546,
2.250008,4.824846,-9.994993,10.465100,6.710263,5.879101,0.055493,-0.101226,
2.260000,4.724868,-10.005914,10.512310,6.757406,5.881606,0.050841,-0.096175,
2.270006,4.624876,-9.993261,10.558587,6.803627,5.883855,0.046507,-0.091372,
2.280004,4.524851,-10.004170,10.603827,6.848823,5.885866,0.042481,-0.086803,
2.290006,4.424851,-9.998814,10.648081,6.893040,5.887661,0.038740,-0.082451,
2.300004,4.324848,-10.001507,10.691325,6.936254,5.889259,0.035267,-0.078302,
2.310013,4.224805,-9.995173,10.733611,6.978516,5.890681,0.032043,-0.074311,
2.320010,4.124776,-10.006680,10.774843,7.019728,5.891940,0.029059,-0.070507,
2.330006,4.024809,-10.000016,10.815078,7.059948,5.893053,0.026297,-0.066860,
2.340019,3.924761,-9.992380,10.854375,7.099232,5.894035,0.023740,-0.063347,
2.350003,3.824775,-10.014361,10.892562,7.137409,5.894896,0.021386,-0.059983,
2.360016,3.724788,-9.986103,10.929857,7.174696,5.895653,0.019210,-0.056743,
2.370012,3.624743,-10.008497,10.966090,7.210923,5.896312,0.017211,-0.053624,
2.380008,3.524779,-9.999954,11.001325,7.246153,5.896886,0.015375,-0.050620,
2.390002,3.424827,-10.001713,11.035551,7.280375,5.897383,0.013692,-0.047728,
2.400012,3.324804,-9.991613,11.068835,7.313656,5.897813,0.012150,-0.044936,
2.410014,3.224740,-10.004674,11.101087,7.345907,5.898182,0.010745,-0.042246,
2.420003,3.124787,-10.006654,11.132300,7.377117,5.898497,0.009467,-0.039648,
2.430001,3.024852,-9.995534,11.162542,7.407358,5.898766,0.008306,-0.037143,
2.440006,2.924833,-9.996363,11.191807,7.436622,5.898993,0.007254,-0.034730,
2.450018,2.824747,-9.997189,11.220087,7.464901,5.899185,0.006305,-0.032396,
2.460004,2.724757,-10.012787,11.247297,7.492110,5.899345,0.005454,-0.030152,
2.470021,2.624740,-9.984727,11.273589,7.518402,5.899478,0.004690,-0.027988,
2.480007,2.524725,-10.015777,11.298800,7.543613,5.899588,0.004011,-0.025909,
2.490022,2.424719,-9.985424,11.323084,7.567897,5.899678,0.003406,-0.023905,
2.500034,2.324582,-10.001711,11.346358,7.591170,5.899751,0.002872,-0.021974,
2.510004,2.224671,-10.021040,11.368538,7.613350,5.899809,0.002405,-0.020135,
2.520001,2.124833,-9.986567,11.389780,7.634593,5.899856,0.001996,-0.018369,
2.530028,2.024712,-9.985222,11.410082,7.654894,5.899893,0.001641,-0.016679,
2.540004,1.924698,-10.025801,11.429282,7.674094,5.899921,0.001336,-0.015079,
2.550008,1.824800,-9.985959,11.447537,7.692349,5.899943,0.001075,-0.013537,
2.560044,1.724599,-9.983986,11.464846,7.709658,5.899960,0.000853,-0.012081,
2.570016,1.624554,-10.031841,11.481047,7.725859,5.899972,0.000669,-0.010711,
2.580020,1.524674,-9.984778,11.496299,7.741111,5.899981,0.000515,-0.009419,
2.590002,1.424747,-10.010722,11.510520,7.755332,5.899988,0.000390,-0.008201,
2.600019,1.324751,-9.982405,11.523791,7.768603,5.899992,0.000289,-0.007066,
2.610012,1.224697,-10.011981,11.536030,7.780842,5.899995,0.000209,-0.006017,
2.620049,1.124548,-9.978656,11.547316,7.792128,5.899997,0.000146,-0.005042,
2.630059,1.024315,-10.012951,11.557570,7.802382,5.899998,0.000099,-0.004154,
2.640034,0.924387,-10.017637,11.566791,7.811603,5.899999,0.000064,-0.003361,
2.650063,0.824366,-9.973303,11.575058,7.819870,5.900000,0.000040,-0.002635,
2.660051,0.724281,-10.020395,11.582292,7.827104,5.900000,0.000023,-0.002007,
2.670116,0.624019,-9.962122,11.588573,7.833385,5.900000,0.000012,-0.001458,
2.680137,0.523592,-10.021619,11.593820,7.838632,5.900000,0.000006,-0.000999,
2.690079,0.423773,-10.039363,11.598033,7.842845,5.900000,0.000002,-0.000626,
2.700148,0.323713,-9.937288,11.601292,7.846105,5.900000,0.000001,-0.000342,
2.710104,0.223589,-10.056912,11.603518,7.848331,5.900000,0.000000,-0.000145,
2.720579,0.121438,-9.752378,11.604790,7.849603,5.900000,0.000000,-0.000038,
0.000000,0.000000,0.000000,0.000000,-0.000000,1.000000,0.000000,0.000000,
0.010550,0.060283,5.714106,0.000636,0.000636,1.000000,0.000000,0.000000,
0.020332,0.154391,9.620177,0.002146,0.002146,1.000000,0.000000,0.000000,
0.030105,0.252109,9.999234,0.004610,0.004610,1.000000,0.000001,0.000000,
0.040074,0.350695,9.889353,0.008106,0.008106,1.000000,0.000003,0.000000,
0.050122,0.450564,9.939130,0.012633,0.012633,1.000000,0.000007,0.000000,
0.060077,0.550249,10.013033,0.018111,0.018111,1.000000,0.000014,0.000000,
0.070093,0.649629,9.922255,0.024618,0.024618,1.000000,0.000027,0.000000,
0.080047,0.748833,9.966062,0.032072,0.032072,1.000000,0.000045,0.000000,
0.090049,0.847770,9.892519,0.040551,0.040551,1.000001,0.000072,0.000000,
0.100003,0.946490,9.917114,0.049973,0.049973,1.000002,0.000110,0.000000,
0.110068,1.045279,9.815351,0.060493,0.060493,1.000003,0.000161,0.000000,
0.120016,1.143770,9.900039,0.071872,0.071872,1.000005,0.000227,0.000000,
0.130058,1.241856,9.767447,0.084343,0.084343,1.000009,0.000313,0.000000,
0.140003,1.339608,9.829317,0.097665,0.097665,1.000014,0.000419,0.000000,
0.150029,1.436940,9.708269,0.112071,0.112071,1.000021,0.000552,0.000000,
0.160021,1.534136,9.727848,0.127400,0.127400,1.000030,0.000713,0.000000,
0.170030,1.630864,9.663861,0.143723,0.143723,1.000043,0.000907,0.000000,
0.180009,1.727124,9.646006,0.160959,0.160959,1.000061,0.001137,0.000000,
0.190004,1.822884,9.580772,0.179179,0.179179,1.000084,0.001409,0.000000,
0.200012,1.918324,9.536875,0.198376,0.198376,1.000114,0.001726,0.000000,
0.210029,2.013390,9.490372,0.218545,0.218545,1.000153,0.002095,0.000000,
0.220017,2.107863,9.458384,0.239599,0.239598,1.000201,0.002518,0.000000,
0.230013,2.201714,9.388393,0.261608,0.261608,1.000262,0.003003,0.000000,
0.240016,2.295081,9.334624,0.284564,0.284563,1.000337,0.003553,0.000000,
0.250021,2.387917,9.278244,0.308457,0.308456,1.000429,0.004176,0.000000,
0.260029,2.480177,9.219202,0.333277,0.333276,1.000541,0.004878,0.000000,
0.270007,2.571683,9.170904,0.358937,0.358935,1.000676,0.005661,0.000000,
0.280013,2.662528,9.079206,0.385578,0.385576,1.000839,0.006537,0.000000,
0.290014,2.752801,9.025538,0.413111,0.413109,1.001032,0.007511,0.000000,
0.300011,2.842316,8.954924,0.441523,0.441520,1.001260,0.008588,0.000000,
0.310025,2.931137,8.869768,0.470875,0.470871,1.001530,0.009781,0.000000,
0.320003,3.019100,8.815142,0.501002,0.500996,1.001844,0.011088,0.000000,
0.330018,3.106250,8.701768,0.532111,0.532103,1.002211,0.012529,0.000000,
0.340018,3.192631,8.638483,0.564036,0.564025,1.002636,0.014105,0.000000,
0.350000,3.277968,8.548810,0.596758,0.596744,1.003125,0.015824,0.000000,
0.360007,3.362388,8.436209,0.630405,0.630386,1.003688,0.017702,0.000000,
0.370012,3.445901,8.347223,0.664881,0.664855,1.004333,0.019746,0.000000,
0.380012,3.528325,8.242820,0.700163,0.700129,1.005069,0.021964,0.000000,
0.390003,3.609575,8.132291,0.736226,0.736183,1.005903,0.024368,0.000000,
0.400001,3.689636,8.007350,0.773116,0.773061,1.006849,0.026973,0.000000,
0.410002,3.768479,7.883455,0.810805,0.810735,1.007918,0.029791,0.000000,
0.420001,3.845987,7.751361,0.849262,0.849174,1.009121,0.032834,0.000000,
0.430012,3.922104,7.603553,0.888525,0.888413,1.010473,0.036121,0.000000,
0.440011,3.996695,7.459676,0.928489,0.928348,1.011986,0.039660,0.000000,
0.450011,4.069615,7.291798,0.969186,0.969010,1.013675,0.043472,0.000000,
0.460008,4.140774,7.118798,1.010578,1.010359,1.015556,0.047572,0.000000,
0.470010,4.210062,6.927117,1.052688,1.052417,1.017649,0.051984,0.000000,
0.480012,4.277347,6.726948,1.095472,1.095138,1.019970,0.056727,0.000000,
0.490009,4.342431,6.510686,1.138880,1.138471,1.022537,0.061820,0.000000,
0.500008,4.405146,6.272096,1.182928,1.182427,1.025373,0.067291,0.000000,
0.510003,4.465305,6.019041,1.227558,1.226947,1.028498,0.073164,0.000000,
0.520000,4.522695,5.740249,1.272775,1.272033,1.031938,0.079473,0.000000,
0.530007,4.577113,5.438131,1.318577,1.317679,1.035718,0.086253,0.000000,
0.540001,4.628253,5.116875,1.364833,1.363750,1.039857,0.093525,0.000000,
0.550002,4.675816,4.756151,1.411593,1.410289,1.044390,0.101340,0.000000,
0.560012,4.719531,4.367073,1.458836,1.457271,1.049346,0.109747,0.000000,
0.570010,4.758997,3.947404,1.506417,1.504545,1.054745,0.118772,0.000000,
0.580000,4.793794,3.483153,1.554307,1.552074,1.060617,0.128471,0.000000,
0.590007,4.823541,2.972462,1.602578,1.599920,1.067011,0.138927,0.000000,
0.600010,4.847759,2.421255,1.651068,1.647911,1.073945,0.150184,0.000000,
0.610009,4.865900,1.814266,1.699720,1.695981,1.081452,0.162313,0.000000,
0.620004,4.877402,1.150775,1.748471,1.744051,1.089564,0.175396,0.000000,
0.630008,4.850487,-2.690403,1.796995,1.791789,1.098268,0.189447,0.000000,
0.640002,4.705756,-14.481681,1.844025,1.837935,1.107344,0.204162,0.000000,
0.650009,4.550191,-15.546020,1.889557,1.882480,1.116777,0.219564,0.000000,
0.660009,4.394475,-15.571550,1.933502,1.925330,1.126524,0.235643,0.000000,
0.670004,4.238942,-15.560574,1.975872,1.966493,1.136564,0.252421,0.000000,
0.680007,4.083712,-15.517590,2.016723,2.006019,1.146882,0.269940,0.000000,
0.690001,3.929094,-15.471938,2.055988,2.043841,1.157431,0.288189,0.000000,
0.700009,3.775345,-15.362695,2.093772,2.080055,1.168207,0.307232,0.000000,
0.710003,3.622829,-15.260177,2.129980,2.114571,1.179148,0.327035,0.000000,
0.720010,3.471938,-15.079446,2.164721,2.147491,1.190248,0.347668,0.000000,
0.730001,3.323082,-14.899096,2.197922,2.178747,1.201444,0.369090,0.000000,
0.740003,3.176689,-14.635827,2.229697,2.208449,1.212732,0.391376,0.000000,
0.750001,3.033118,-14.360143,2.260021,2.236578,1.224061,0.414503,0.000000,
0.760009,2.893502,-13.949939,2.288980,2.263218,1.235417,0.438527,0.000000,
0.770001,2.760628,-13.297680,2.316565,2.288366,1.246753,0.463420,0.000000,
0.780005,2.635033,-12.555110,2.342925,2.312165,1.258085,0.489297,0.000000,
0.790003,2.516619,-11.844201,2.368085,2.334647,1.269381,0.516164,0.000000,
0.800011,2.405390,-11.113573,2.392159,2.355919,1.280653,0.544123,0.000000,
0.810001,2.301421,-10.406782,2.415152,2.375994,1.291863,0.573152,0.000000,
0.820003,2.204738,-9.667239,2.437201,2.395001,1.303039,0.603396,0.000000,
0.830009,2.115278,-8.940632,2.458367,2.412999,1.314177,0.634912,0.000000,
0.840002,2.033205,-8.212709,2.478686,2.430027,1.325263,0.667720,0.000000,
0.850000,1.958577,-7.464106,2.498268,2.446187,1.336324,0.701960,0.000000,
0.860009,1.891383,-6.713359,2.517199,2.461553,1.347381,0.737745,0.000000,
0.870012,1.831748,-5.962091,2.535521,2.476168,1.358430,0.775114,0.000000,
0.880001,1.779814,-5.198810,2.553300,2.490090,1.369489,0.814149,0.000000,
0.890007,1.735594,-4.419443,2.570666,2.503425,1.380613,0.855084,0.000000,
0.900000,1.699167,-3.645280,2.587646,2.516196,1.391803,0.897929,0.000000,
0.910009,1.670617,-2.852378,2.604367,2.528502,1.403124,0.942955,0.000000,
0.920005,1.650019,-2.060699,2.620860,2.540363,1.414584,0.990188,0.000000,
0.930004,1.637453,-1.256717,2.637233,2.551856,1.426245,1.039877,0.000000,
0.940011,1.632970,-0.447970,2.653576,2.563039,1.438163,1.092247,0.000000,
0.950010,1.636638,0.366835,2.669940,2.573941,1.450366,1.147415,0.000000,
0.960004,1.648503,1.187123,2.686416,2.584613,1.462918,1.205638,0.000000,
0.970011,1.668625,2.010979,2.703112,2.595115,1.475899,1.267275,0.000000,
0.980011,1.697059,2.843403,2.720083,2.605465,1.489348,1.332506,0.000000,
0.990009,1.733833,3.678112,2.737418,2.615702,1.503337,1.401679,0.000000,
1.000009,1.779007,4.517385,2.755208,2.625859,1.517943,1.475184,0.000000,
1.010003,1.832625,5.364741,2.773524,2.635955,1.533225,1.553367,0.000000,
1.020007,1.894771,6.212292,2.792479,2.646026,1.549283,1.636800,0.000000,
1.030001,1.965505,7.077828,2.812122,2.656070,1.566164,1.725834,0.000000,
1.040009,2.044943,7.937178,2.832588,2.666125,1.583990,1.821271,0.000000,
1.050002,2.133175,8.829763,2.853904,2.676170,1.602791,1.923472,0.000000,
1.060002,2.230309,9.713350,2.876207,2.686234,1.622694,2.033409,0.000000,
1.070010,2.336646,10.624842,2.899593,2.696320,1.643793,2.151957,0.000000,
1.080006,2.452315,11.571345,2.924107,2.706407,1.666136,2.279834,0.000000,
1.090001,2.577530,12.528596,2.949868,2.716501,1.689836,2.418260,0.000000,
1.100002,2.712745,13.519417,2.976999,2.726605,1.715017,2.568643,0.000000,
1.110004,2.856786,14.401101,3.005573,2.736696,1.741749,2.732275,0.000000,
1.120001,3.006419,14.968192,3.035627,2.746741,1.770075,2.910421,0.000000,
1.130007,3.160893,15.438354,3.067255,2.756725,1.800085,3.104857,0.000000,
1.140007,3.319719,15.882691,3.100452,2.766601,1.831779,3.316973,0.000000,
1.150005,3.482324,16.263586,3.135269,2.776345,1.865205,3.548684,0.000000,
1.160005,3.648295,16.597675,3.171750,2.785928,1.900405,3.802108,0.000000,
1.170009,3.817240,16.887527,3.209938,2.795327,1.937419,4.079568,0.000000,
1.180001,3.988633,17.151904,3.249795,2.804501,1.976206,4.383013,0.000000,
1.190003,4.162136,17.347768,3.291423,2.813444,2.016861,4.715631,0.000000,
1.200005,4.337526,17.534686,3.334809,2.822130,2.059369,5.079917,0.000000,
1.210001,4.514385,17.693540,3.379933,2.830535,2.103703,5.478319,0.000000,
1.220008,4.692567,17.805979,3.426891,2.838661,2.149953,5.914273,0.000000,
1.230008,4.871892,17.931761,3.475612,2.846484,2.198041,6.389480,0.000000,
1.240002,5.052068,18.028793,3.526101,2.854001,2.247968,6.905756,0.000000,
1.250005,5.233151,18.102573,3.578449,2.861223,2.299815,7.464933,0.000000,
1.260008,5.415162,18.196569,3.632614,2.868146,2.353536,8.066031,0.000000,
1.270008,5.598007,18.284524,3.688594,2.874779,2.409122,8.706277,0.000000,
1.280003,5.781709,18.378906,3.746384,2.881134,2.466561,9.379810,0.000000,
1.290007,5.966481,18.469436,3.806074,2.887240,2.525938,10.077840,0.000000,
1.300001,6.152422,18.605903,3.867559,2.893109,2.587143,10.784231,0.000000,
1.310004,6.339744,18.725266,3.930980,2.898783,2.650309,11.479763,0.000000,
1.320006,6.528773,18.899963,3.996278,2.904292,2.715374,12.136746,0.000000,
1.330001,6.719651,19.097129,4.063442,2.909675,2.782322,12.722695,0.000000,
1.340001,6.912787,19.314687,4.132566,2.914988,2.851241,13.202636,0.000000,
1.350007,7.108710,19.580662,4.203695,2.920287,2.922173,13.541099,0.000000,
1.360006,7.307775,19.908177,4.276767,2.925630,2.995049,13.707387,0.000000,
1.370001,7.470458,16.276532,4.351433,2.931061,3.069518,13.682529,0.000000,
1.380003,7.485795,1.533381,4.426310,2.936556,3.144193,13.469773,0.000000,
1.390003,7.483948,-0.184771,4.501152,2.942170,3.218823,13.092093,0.000000,
1.400003,7.479079,-0.486824,4.575942,2.947975,3.293388,12.581533,0.000000,
1.410006,7.471636,-0.744174,4.650675,2.954040,3.367874,11.973803,0.000000,
1.420005,7.462007,-0.962939,4.725292,2.960427,3.442218,11.304261,0.000000,
1.430006,7.450528,-1.147814,4.799803,2.967202,3.516420,10.603702,0.000000,
1.440004,7.437484,-1.304657,4.874161,2.974425,3.590426,9.897665,0.000000,
1.450003,7.423112,-1.437373,4.948386,2.982158,3.664248,9.204930,0.000000,
1.460001,7.407598,-1.551753,5.022446,2.990459,3.737841,8.539105,0.000000,
1.470003,7.391082,-1.651270,5.096371,2.999390,3.811225,7.908416,0.000000,
1.480007,7.373656,-1.741855,5.170137,3.009005,3.884361,7.317844,0.000000,
1.490002,7.355381,-1.828304,5.243659,3.019349,3.957152,6.769970,0.000000,
1.500005,7.336253,-1.912242,5.317045,3.030490,4.029687,6.263969,0.000000,
1.510007,7.316218,-2.003216,5.390215,3.042469,4.101870,5.799083,0.000000,
1.520005,7.295191,-2.102987,5.463157,3.055335,4.173669,5.373231,0.000000,
1.530002,7.273026,-2.217306,5.535861,3.069133,4.245051,4.983859,0.000000,
1.540005,7.249516,-2.350207,5.608380,3.083919,4.316046,4.627896,0.000000,
1.550007,7.224412,-2.509803,5.680643,3.099725,4.386560,4.302893,0.000000,
1.560002,7.197436,-2.699069,5.752577,3.116573,4.456493,4.006373,0.000000,
1.570008,7.168230,-2.918739,5.824305,3.134529,4.525937,3.735200,0.000000,
1.580002,7.136416,-3.183525,5.895622,3.153575,4.594664,3.487686,0.000000,
1.590004,7.101576,-3.483323,5.966652,3.173772,4.662762,3.261095,0.000000,
1.600009,7.063227,-3.832963,6.037319,3.195123,4.730126,3.053601,0.000000,
1.610001,7.020936,-4.232318,6.107476,3.217602,4.796584,2.863694,0.000000,
1.620005,6.974198,-4.671913,6.177246,3.241258,4.862222,2.689287,0.000000,
1.630006,6.922507,-5.168641,6.246477,3.266048,4.926862,2.529187,0.000000,
1.640006,6.867555,-5.495249,6.315151,3.291963,4.990459,2.381989,0.000000,
1.650006,6.816943,-5.061293,6.383320,3.319017,5.053030,2.246304,0.000000,
1.660005,6.772073,-4.487466,6.451034,3.347224,5.114589,2.120913,0.000000,
1.670003,6.732417,-3.966362,6.518345,3.376598,5.175152,2.004747,0.000000,
1.680000,6.697488,-3.493754,6.585304,3.407155,5.234732,1.896863,0.000000,
1.690010,6.666847,-3.061252,6.652034,3.438943,5.293405,1.796326,0.000000,
1.700011,6.640124,-2.671902,6.718444,3.471910,5.351054,1.702618,0.000000,
1.710006,6.617004,-2.313078,6.784583,3.506067,5.407691,1.615074,0.000000,
1.720010,6.597162,-1.983626,6.850577,3.541466,5.463387,1.533013,0.000000,
1.730002,6.580343,-1.683243,6.916328,3.578040,5.518027,1.456095,0.000000,
1.740008,6.566307,-1.402624,6.982035,3.615884,5.571742,1.383680,0.000000,
1.750011,6.554854,-1.144943,7.047603,3.654929,5.624417,1.315517,0.000000,
1.760003,6.545833,-0.902863,7.113007,3.695136,5.676002,1.251297,0.000000,
1.770011,6.539096,-0.673213,7.178449,3.736611,5.726622,1.190531,0.000000,
1.780005,6.534539,-0.455904,7.243755,3.779222,5.776112,1.133120,0.000000,
1.790001,6.532089,-0.245144,7.309053,3.823024,5.824539,1.078711,0.000000,
1.800005,6.531693,-0.039516,7.374396,3.868031,5.871912,1.027051,0.000000,
1.810011,6.533337,0.164255,7.439764,3.914202,5.918185,0.977971,0.000000,
1.820011,6.537026,0.368925,7.505134,3.961492,5.963317,0.931311,0.000000,
1.830011,6.542793,0.576713,7.570564,4.009912,6.007324,0.886876,0.000000,
1.840005,6.550696,0.790719,7.636035,4.059416,6.050168,0.844537,0.000000,
1.850011,6.560822,1.011962,7.701681,4.110077,6.091917,0.804082,0.000000,
1.860011,6.573278,1.245724,7.767411,4.161790,6.132490,0.765456,0.000000,
1.870010,6.588186,1.490927,7.833287,4.214571,6.171908,0.728519,0.000000,
1.880002,6.605693,1.751959,7.899296,4.268377,6.210146,0.693184,0.000000,
1.890006,6.625974,2.027368,7.965581,4.323289,6.247271,0.659293,0.000000,
1.900004,6.649220,2.325122,8.032056,4.379206,6.283220,0.626818,0.000000,
1.910001,6.675618,2.640610,8.098792,4.436151,6.318019,0.595655,0.000000,
1.920003,6.705403,2.977883,8.165861,4.494153,6.351693,0.565714,0.000000,
1.930004,6.738813,3.340437,8.233259,4.553179,6.384228,0.536944,0.000000,
1.940011,6.776096,3.725966,8.301064,4.613263,6.415651,0.509266,0.000000,
1.950005,6.817498,4.142600,8.369199,4.674306,6.445919,0.482668,0.000000,
1.960004,6.863289,4.579662,8.437823,4.736418,6.475097,0.457050,0.000000,
1.970001,6.913782,5.050794,8.506941,4.799575,6.503177,0.432380,0.000000,
1.980001,6.969256,5.547026,8.576637,4.863825,6.530187,0.408598,0.000000,
1.990003,7.027413,5.814847,8.646922,4.929148,6.556124,0.385680,0.000000,
2.000010,7.083112,5.565838,8.717805,4.995529,6.580986,0.363597,0.000000,
2.010008,7.136038,5.294035,8.789146,5.062803,6.604727,0.342371,0.000000,
2.020011,7.186627,5.057311,8.861035,5.131028,6.627384,0.321951,0.000000,
2.030003,7.235297,4.870818,8.933331,5.200042,6.648921,0.302353,0.000000,
2.040010,7.282461,4.713130,9.006206,5.269980,6.669403,0.283509,0.000000,
2.050003,7.328475,4.604540,9.079441,5.340604,6.688783,0.265451,0.000000,
2.060007,7.373659,4.516609,9.153207,5.412053,6.707125,0.248117,0.000000,
2.070003,7.418324,4.468055,9.227364,5.484167,6.724414,0.231518,0.000000,
2.080005,7.462716,4.438478,9.302004,5.557009,6.740694,0.215612,0.000000,
2.090004,7.507072,4.436248,9.377063,5.630496,6.755975,0.200393,0.000000,
2.100000,7.551565,4.450902,9.452552,5.704617,6.770285,0.185841,0.000000,
2.110004,7.550372,-0.119254,9.528088,5.778973,6.783585,0.172003,0.000000,
2.120007,7.374430,-17.588986,9.601854,5.851748,6.795631,0.159159,0.000000,
2.130000,7.187713,-18.685013,9.673680,5.922746,6.806506,0.147266,0.000000,
2.140005,7.007459,-18.016060,9.743791,5.992164,6.816342,0.136216,0.000000,
2.150001,6.833107,-17.442590,9.812093,6.059887,6.825218,0.125964,0.000000,
2.160000,6.664224,-16.889487,9.878731,6.126041,6.833233,0.116433,0.000000,
2.170006,6.500212,-16.392010,9.943769,6.190675,6.840470,0.107564,0.000000,
2.180009,6.340705,-15.946354,10.007194,6.253763,6.846994,0.099315,0.000000,
2.190012,6.185364,-15.528691,10.069069,6.315359,6.852873,0.091637,0.000000,
2.200008,6.033878,-15.155564,10.129380,6.375437,6.858163,0.084494,0.000000,
2.210014,5.885859,-14.793185,10.188273,6.434138,6.862926,0.077836,0.000000,
2.220008,5.741042,-14.489074,10.245654,6.491359,6.867201,0.071642,0.000000,
2.230013,5.599179,-14.179931,10.301671,6.547244,6.871043,0.065868,0.000000,
2.240005,5.460045,-13.924207,10.356230,6.601694,6.874482,0.060498,0.000000,
2.250008,5.323420,-13.658305,10.409480,6.654855,6.877564,0.055493,0.000000,
2.260000,5.189109,-13.442037,10.461329,6.706631,6.880316,0.050841,0.000000,
2.270006,5.056919,-13.211137,10.511928,6.757170,6.882776,0.046507,0.000000,
2.280004,4.926672,-13.026953,10.561186,6.806380,6.884965,0.042481,0.000000,
2.290006,4.798302,-12.835436,10.609175,6.854329,6.886911,0.038740,0.000000,
2.300004,4.671646,-12.667049,10.655886,6.901008,6.888638,0.035267,0.000000,
2.310013,4.546546,-12.498746,10.701393,6.946489,6.890168,0.032043,0.000000,
2.320010,4.422961,-12.363133,10.745606,6.990682,6.891518,0.029059,0.000000,
2.330006,4.300856,-12.214506,10.788600,7.033660,6.892707,0.026297,0.000000,
2.340019,4.179971,-12.073499,10.830452,7.075498,6.893753,0.023740,0.000000,
2.350003,4.060399,-11.975990,10.870992,7.116028,6.894668,0.021386,0.000000,
2.360016,3.941995,-11.825558,10.910461,7.155489,6.895468,0.019210,0.000000,
2.370012,3.824624,-11.741791,10.948692,7.193714,6.896164,0.017211,0.000000,
2.380008,3.708390,-11.627491,10.985763,7.230780,6.896768,0.015375,0.000000,
2.390002,3.593157,-11.530781,11.021672,7.266684,6.897289,0.013692,0.000000,
2.400012,3.478780,-11.425458,11.056496,7.301506,6.897739,0.012150,0.000000,
2.410014,3.365250,-11.351204,11.090155,7.335162,6.898124,0.010745,0.000000,
2.420003,3.252691,-11.268535,11.122645,7.367651,6.898452,0.009467,0.000000,
2.430001,3.140962,-11.175175,11.154048,7.399053,6.898731,0.008306,0.000000,
2.440006,3.029912,-11.098927,11.184364,7.429368,6.898967,0.007254,0.000000,
2.450018,2.919525,-11.026051,11.213593,7.458596,6.899165,0.006305,0.000000,
2.460004,2.809951,-10.972587,11.241653,7.486656,6.899330,0.005454,0.000000,
2.470021,2.701022,-10.874377,11.268709,7.513712,6.899467,0.004690,0.000000,
2.480007,2.592741,-10.843470,11.294600,7.539602,6.899580,0.004011,0.000000,
2.490022,2.485091,-10.748743,11.319489,7.564491,6.899672,0.003406,0.000000,
2.500034,2.377894,-10.706957,11.343296,7.588298,6.899747,0.002872,0.000000,
2.510004,2.271504,-10.670774,11.365943,7.610945,6.899806,0.002405,0.000000,
2.520001,2.165735,-10.579869,11.387594,7.632596,6.899854,0.001996,0.000000,
2.530028,2.060185,-10.526622,11.408252,7.653254,6.899891,0.001641,0.000000,
2.540004,1.955244,-10.519707,11.427757,7.672758,6.899920,0.001336,0.000000,
2.550008,1.850896,-10.430719,11.446273,7.691275,6.899943,0.001075,0.000000,
2.560044,1.746684,-10.383741,11.463803,7.708804,6.899960,0.000853,0.000000,
2.570016,1.643060,-10.390707,11.480189,7.725190,6.899972,0.000669,0.000000,
2.580020,1.540010,-10.301623,11.495594,7.740595,6.899981,0.000515,0.000000,
2.590002,1.437293,-10.290335,11.509941,7.754942,6.899988,0.000390,0.000000,
2.600019,1.334861,-10.225513,11.523312,7.768314,6.899992,0.000289,0.000000,
2.610012,1.232705,-10.222345,11.535631,7.780633,6.899995,0.000209,0.000000,
2.620049,1.130764,-10.157262,11.546980,7.791982,6.899997,0.000146,0.000000,
2.630059,1.029024,-10.163403,11.557281,7.802283,6.899998,0.000099,0.000000,
2.640034,0.927857,-10.141828,11.566536,7.811538,6.899999,0.000064,0.000000,
2.650063,0.826835,-10.073175,11.574829,7.819830,6.900000,0.000040,0.000000,
2.660051,0.725961,-10.099353,11.582080,7.827081,6.900000,0.000023,0.000000,
2.670116,0.625098,-10.021816,11.588371,7.833373,6.900000,0.000012,0.000000,
2.680137,0.524233,-10.065308,11.593624,7.838626,6.900000,0.000006,0.000000,
2.690079,0.424116,-10.069342,11.597841,7.842843,6.900000,0.000002,0.000000,
2.700148,0.323869,-9.955890,11.601102,7.846104,6.900000,0.000001,0.000000,
2.710104,0.223643,-10.067180,11.603329,7.848330,6.900000,0.000000,0.000000,
2.720579,0.121448,-9.756517,11.604601,7.849602,6.900000,0.000000,0.000000,
0.000000,0.000000,0.000000,0.000000,0.000000,-1.000000,0.000000,0.000000,
0.010550,0.060287,5.714466,0.000636,0.000636,-1.000000,0.000000,0.000000,
0.020332,0.154430,9.623765,0.002147,0.002147,-1.000000,0.000000,0.000000,
0.030105,0.252261,10.010781,0.004612,0.004612,-1.000000,0.000001,0.000000,
0.040074,0.351090,9.913759,0.008112,0.008112,-1.000000,0.000003,0.000000,
0.050122,0.451390,9.981980,0.012648,0.012648,-1.000000,0.000007,0.000000,
0.060077,0.551741,10.080016,0.018140,0.018140,-1.000000,0.000014,0.000000,
0.070093,0.652075,10.017491,0.024671,0.024671,-1.000000,0.000027,0.000000,
0.080047,0.752571,10.095850,0.032163,0.032163,-1.000000,0.000045,0.000000,
0.090049,0.853188,10.060472,0.040696,0.040696,-0.999999,0.000072,0.000000,
0.100003,0.954025,10.129821,0.050192,0.050192,-0.999998,0.000110,0.000000,
0.110068,1.055429,10.075092,0.060815,0.060815,-0.999997,0.000161,0.000000,
0.120016,1.157071,10.216797,0.072326,0.072326,-0.999995,0.000227,0.000000,
0.130058,1.258891,10.139353,0.084968,0.084968,-0.999991,0.000313,0.000000,
0.140003,1.361010,10.268338,0.098503,0.098503,-0.999986,0.000419,0.000000,
0.150029,1.463385,10.211229,0.113175,0.113175,-0.999979,0.000552,0.000000,
0.160021,1.566361,10.306467,0.128825,0.128825,-0.999969,0.000713,0.000000,
0.170030,1.669640,10.318312,0.145537,0.145537,-0.999956,0.000907,0.000000,
0.180009,1.773265,10.384020,0.163233,0.163233,-0.999938,0.001137,0.000000,
0.190004,1.877248,10.403487,0.181996,0.181996,-0.999914,0.001409,0.000000,
0.200012,1.981833,10.450690,0.201829,0.201829,-0.999883,0.001726,0.000000,
0.210029,2.087013,10.500013,0.222735,0.222735,-0.999843,0.002095,0.000000,
0.220017,2.192594,10.570483,0.244635,0.244635,-0.999793,0.002518,0.000000,
0.230013,2.298591,10.603444,0.267613,0.267613,-0.999729,0.003003,0.000000,
0.240016,2.405210,10.659601,0.291670,0.291670,-0.999650,0.003553,0.000000,
0.250021,2.512454,10.718161,0.316810,0.316809,-0.999553,0.004176,0.000000,
0.260029,2.620326,10.779227,0.343032,0.343031,-0.999435,0.004878,0.000000,
0.270007,2.728672,10.858719,0.370258,0.370257,-0.999292,0.005661,0.000000,
0.280013,2.837664,10.892689,0.398652,0.398650,-0.999119,0.006537,0.000000,
0.290014,2.947469,10.978481,0.428132,0.428130,-0.998912,0.007511,0.000000,
0.300011,3.057935,11.050834,0.458700,0.458696,-0.998666,0.008588,0.000000,
0.310025,3.169214,11.112424,0.490436,0.490431,-0.998375,0.009781,0.000000,
0.320003,3.281177,11.220264,0.523178,0.523171,-0.998033,0.011088,0.000000,
0.330018,3.393965,11.261775,0.557169,0.557160,-0.997632,0.012529,0.000000,
0.340018,3.507731,11.377098,0.592244,0.592232,-0.997165,0.014105,0.000000,
0.350000,3.622213,11.468329,0.628403,0.628387,-0.996625,0.015824,0.000000,
0.360007,3.737685,11.539365,0.665805,0.665784,-0.995998,0.017702,0.000000,
0.370012,3.854289,11.654727,0.704367,0.704339,-0.995277,0.019746,0.000000,
0.380012,3.971909,11.762468,0.744084,0.744047,-0.994449,0.021964,0.000000,
0.390003,4.090564,11.876251,0.784953,0.784905,-0.993503,0.024368,0.000000,
0.400001,4.210397,11.985178,0.827050,0.826989,-0.992423,0.026973,0.000000,
0.410002,4.331549,12.113793,0.870371,0.870292,-0.991195,0.029791,0.000000,
0.420001,4.454044,12.250431,0.914908,0.914807,-0.989802,0.032834,0.000000,
0.430012,4.578026,12.385015,0.960737,0.960609,-0.988223,0.036121,0.000000,
0.440011,4.703533,12.551735,1.007768,1.007607,-0.986443,0.039660,0.000000,
0.450011,4.830607,12.707024,1.056076,1.055873,-0.984438,0.043472,0.000000,
0.460008,4.959409,12.885375,1.105650,1.105396,-0.982185,0.047572,0.000000,
0.470010,5.090104,13.066416,1.156563,1.156246,-0.979654,0.051984,0.000000,
0.480012,5.222865,13.272865,1.208804,1.208410,-0.976820,0.056727,0.000000,
0.490009,5.357768,13.495196,1.262363,1.261875,-0.973652,0.061820,0.000000,
0.500008,5.495006,13.725055,1.317308,1.316705,-0.970114,0.067291,0.000000,
0.510003,5.634783,13.984951,1.373626,1.372886,-0.966170,0.073164,0.000000,
0.520000,5.777317,14.256505,1.431387,1.430479,-0.961776,0.079473,0.000000,
0.530007,5.922942,14.552633,1.490657,1.489547,-0.956884,0.086253,0.000000,
0.540001,6.071810,14.895290,1.551340,1.549986,-0.951453,0.093525,0.000000,
0.550002,6.224189,15.237392,1.613584,1.611937,-0.945419,0.101340,0.000000,
0.560012,6.380574,15.622768,1.677454,1.675455,-0.938717,0.109747,0.000000,
0.570010,6.541184,16.063902,1.742854,1.740432,-0.931296,0.118772,0.000000,
0.580000,6.706263,16.524401,1.809849,1.806922,-0.923079,0.128471,0.000000,
0.590007,6.876483,17.009378,1.878665,1.875131,-0.913963,0.138927,0.000000,
0.600010,7.052354,17.582767,1.949206,1.944947,-0.903874,0.150184,0.000000,
0.610009,7.234215,18.188550,2.021539,2.016413,-0.892712,0.162313,0.000000,
0.620004,7.422639,18.851545,2.095729,2.089569,-0.880364,0.175396,0.000000,
0.630008,7.569071,14.637312,2.171450,2.164062,-0.866780,0.189447,0.000000,
0.640002,7.540597,-2.849117,2.246812,2.238006,-0.852233,0.204162,0.000000,
0.650009,7.496150,-4.441730,2.321824,2.311390,-0.836691,0.219564,0.000000,
0.660009,7.451795,-4.435488,2.396342,2.384051,-0.820159,0.235643,0.000000,
0.670004,7.407370,-4.444542,2.470381,2.455981,-0.802612,0.252421,0.000000,
0.680007,7.362609,-4.474564,2.544033,2.527243,-0.784005,0.269940,0.000000,
0.690001,7.317254,-4.538472,2.617157,2.597678,-0.764355,0.288189,0.000000,
0.700009,7.270986,-4.623131,2.689925,2.667423,-0.743598,0.307232,0.000000,
0.710003,7.223475,-4.753759,2.762119,2.736241,-0.721780,0.327035,0.000000,
0.720010,7.174356,-4.908761,2.833909,2.804266,-0.698838,0.347668,0.000000,
0.730001,7.123236,-5.116606,2.905076,2.871264,-0.674835,0.369090,0.000000,
0.740003,7.069694,-5.352919,2.975790,2.937363,-0.649709,0.391376,0.000000,
0.750001,7.013262,-5.644476,3.045908,3.002402,-0.623509,0.414503,0.000000,
0.760009,6.955132,-5.808126,3.115517,3.066433,-0.596206,0.438527,0.000000,
0.770001,6.900904,-5.427008,3.184473,3.129296,-0.567865,0.463420,0.000000,
0.780005,6.851619,-4.926772,3.253013,3.191177,-0.538395,0.489297,0.000000,
0.790003,6.806947,-4.468233,3.321066,3.251982,-0.507834,0.516164,0.000000,
0.800011,6.766604,-4.030872,3.388789,3.311820,-0.476120,0.544123,0.000000,
0.810001,6.730339,-3.629993,3.456029,3.370525,-0.443334,0.573152,0.000000,
0.820003,6.697887,-3.244872,3.523015,3.428266,-0.409376,0.603396,0.000000,
0.830009,6.668967,-2.890250,3.589745,3.485005,-0.374255,0.634912,0.000000,
0.840002,6.643384,-2.559938,3.656135,3.540641,-0.338029,0.667720,0.000000,
0.850000,6.620919,-2.246861,3.722333,3.595263,-0.300631,0.701960,0.000000,
0.860009,6.601349,-1.955279,3.788406,3.648893,-0.262037,0.737745,0.000000,
0.870012,6.584507,-1.683853,3.854266,3.701423,-0.222312,0.775114,0.000000,
0.880001,6.570246,-1.427600,3.919900,3.752815,-0.181487,0.814149,0.000000,
0.890007,6.558402,-1.183651,3.985522,3.803202,-0.139445,0.855084,0.000000,
0.900000,6.548855,-0.955333,4.050965,3.852422,-0.096317,0.897929,0.000000,
0.910009,6.541506,-0.734331,4.116439,3.900603,-0.051983,0.942955,0.000000,
0.920005,6.536277,-0.523096,4.181772,3.947586,-0.006585,0.990188,0.000000,
0.930004,6.533118,-0.315902,4.247097,3.993440,0.039943,1.039877,0.000000,
0.940011,6.531999,-0.111816,4.312469,4.038172,0.087614,1.092247,0.000000,
0.950010,6.532922,0.092303,4.377789,4.081688,0.136328,1.147415,0.000000,
0.960004,6.535911,0.299019,4.443112,4.124002,0.186093,1.205638,0.000000,
0.970011,6.541022,0.510796,4.508564,4.165170,0.236977,1.267275,0.000000,
0.980011,6.548342,0.731993,4.574047,4.205108,0.288871,1.332506,0.000000,
0.990009,6.557978,0.963810,4.639613,4.243828,0.341783,1.401679,0.000000,
1.000009,6.570076,1.209861,4.705314,4.281341,0.395722,1.475184,0.000000,
1.010003,6.584809,1.474095,4.771127,4.317619,0.450632,1.553367,0.000000,
1.020007,6.602388,1.757226,4.837175,4.352714,0.506586,1.636800,0.000000,
1.030001,6.623049,2.067356,4.903364,4.386560,0.563466,1.725834,0.000000,
1.040009,6.647072,2.400262,4.969890,4.419247,0.621409,1.821271,0.000000,
1.050002,6.674760,2.770956,5.036588,4.450681,0.680234,1.923472,0.000000,
1.060002,6.706452,3.169169,5.103653,4.480947,0.740081,2.033409,0.000000,
1.070010,6.742580,3.609776,5.171135,4.510056,0.800963,2.151957,0.000000,
1.080006,6.783552,4.098758,5.238945,4.537962,0.862764,2.279834,0.000000,
1.090001,6.829835,4.630935,5.307204,4.564713,0.925563,2.418260,0.000000,
1.100002,6.881990,5.214682,5.376035,4.590349,0.989441,2.568643,0.000000,
1.110004,6.936769,5.476750,5.445417,4.614856,1.054351,2.732275,0.000000,
1.120001,6.987129,5.037690,5.515265,4.638206,1.120181,2.910421,0.000000,
1.130007,7.032687,4.553049,5.585633,4.660423,1.186950,3.104857,0.000000,
1.140007,7.073925,4.123910,5.656372,4.681472,1.254485,3.316973,0.000000,
1.150005,7.111308,3.739006,5.727472,4.701373,1.322742,3.548684,0.000000,
1.160005,7.145322,3.401519,5.798923,4.720147,1.391683,3.802108,0.000000,
1.170009,7.176424,3.108862,5.870716,4.737820,1.461267,4.079568,0.000000,
1.180001,7.205007,2.860436,5.942714,4.754394,1.531330,4.383013,0.000000,
1.190003,7.231454,2.644311,6.015038,4.769936,1.601966,4.715631,0.000000,
1.200005,7.256112,2.465157,6.087618,4.784470,1.673075,5.079917,0.000000,
1.210001,7.279244,2.314213,6.160378,4.798025,1.744562,5.478319,0.000000,
1.220008,7.301096,2.183698,6.233439,4.810671,1.816520,5.914273,0.000000,
1.230008,7.321852,2.075518,6.306661,4.822431,1.888792,6.389480,0.000000,
1.240002,7.341627,1.978784,6.380032,4.833356,1.961344,6.905756,0.000000,
1.250005,7.360522,1.888851,6.453660,4.843515,2.034268,7.464933,0.000000,
1.260008,7.378575,1.804885,6.527464,4.852950,2.107467,8.066031,0.000000,
1.270008,7.395763,1.718737,6.601422,4.861715,2.180903,8.706277,0.000000,
1.280003,7.412020,1.626534,6.675507,4.869864,2.254539,9.379810,0.000000,
1.290007,7.427250,1.522337,6.749811,4.877466,2.328453,10.077840,0.000000,
1.300001,7.441294,1.405261,6.824177,4.884565,2.402479,10.784231,0.000000,
1.310004,7.453951,1.265294,6.898744,4.891238,2.476747,11.479763,0.000000,
1.320006,7.464980,1.102657,6.973405,4.897537,2.551142,12.136746,0.000000,
1.330001,7.474072,0.909729,7.048109,4.903526,2.625606,12.722695,0.000000,
1.340001,7.480886,0.681364,7.122914,4.909276,2.700189,13.202636,0.000000,
1.350007,7.485019,0.413109,7.197809,4.914856,2.774876,13.541099,0.000000,
1.360006,7.486007,0.098797,7.272662,4.920329,2.849529,13.707387,0.000000,
1.370001,7.444078,-4.195063,7.347065,4.925741,2.923735,13.682529,0.000000,
1.380003,7.256220,-18.780990,7.419646,4.931067,2.996120,13.469773,0.000000,
1.390003,7.058038,-19.817677,7.490228,4.936362,3.066503,13.092093,0.000000,
1.400003,6.862902,-19.513757,7.558857,4.941688,3.134925,12.581533,0.000000,
1.410006,6.670320,-19.253926,7.625575,4.947101,3.201423,11.973803,0.000000,
1.420005,6.479926,-19.039996,7.690372,4.952647,3.265982,11.304261,0.000000,
1.430006,6.291397,-18.851660,7.753290,4.958367,3.328640,10.603702,0.000000,
1.440004,6.104452,-18.698824,7.814321,4.964294,3.389382,9.897665,0.000000,
1.450003,5.918849,-18.561613,7.873505,4.970459,3.448244,9.204930,0.000000,
1.460001,5.734386,-18.450350,7.930836,4.976884,3.505214,8.539105,0.000000,
1.470003,5.550897,-18.345243,7.986356,4.983590,3.560328,7.908416,0.000000,
1.480007,5.368257,-18.256813,8.040060,4.990589,3.613573,7.317844,0.000000,
1.490002,5.186528,-18.180668,8.091903,4.997881,3.664901,6.769970,0.000000,
1.500005,5.005661,-18.081110,8.141975,5.005481,3.714393,6.263969,0.000000,
1.510007,4.825646,-17.999509,8.190237,5.013381,3.762004,5.799083,0.000000,
1.520005,4.646667,-17.900213,8.236697,5.021574,3.807736,5.373231,0.000000,
1.530002,4.468875,-17.785890,8.281370,5.030049,3.851597,4.983859,0.000000,
1.540005,4.292381,-17.643510,8.324308,5.038802,3.893634,4.627896,0.000000,
1.550007,4.117418,-17.491665,8.365493,5.047808,3.933822,4.302893,0.000000,
1.560002,3.944416,-17.309989,8.404915,5.057039,3.972148,4.006373,0.000000,
1.570008,3.773607,-17.069918,8.442675,5.066490,4.008706,3.735200,0.000000,
1.580002,3.605417,-16.830216,8.478705,5.076109,4.043429,3.487686,0.000000,
1.590004,3.440297,-16.508712,8.513115,5.085891,4.076419,3.261095,0.000000,
1.600009,3.278570,-16.164693,8.545917,5.095800,4.107688,3.053601,0.000000,
1.610001,3.120882,-15.780569,8.577102,5.105789,4.137231,2.863694,0.000000,
1.620005,2.967650,-15.317068,8.606791,5.115853,4.165161,2.689287,0.000000,
1.630006,2.819288,-14.834846,8.634986,5.125947,4.191488,2.529187,0.000000,
1.640006,2.677176,-14.211484,8.661757,5.136047,4.216281,2.381989,0.000000,
1.650006,2.544530,-13.264748,8.687202,5.146144,4.239637,2.246304,0.000000,
1.660005,2.421770,-12.277220,8.711418,5.156229,4.261652,2.120913,0.000000,
1.670003,2.308570,-11.322251,8.734499,5.166299,4.282421,2.004747,0.000000,
1.680000,2.204655,-10.393943,8.756540,5.176356,4.302034,1.896863,0.000000,
1.690010,2.109757,-9.480986,8.777657,5.186414,4.320602,1.796326,0.000000,
1.700011,2.023748,-8.599801,8.797897,5.196460,4.338173,1.702618,0.000000,
1.710006,1.946564,-7.721940,8.817354,5.206507,4.354835,1.615074,0.000000,
1.720010,1.878029,-6.851277,8.836140,5.216582,4.370691,1.533013,0.000000,
1.730002,1.818073,-6.000398,8.854307,5.226686,4.385788,1.456095,0.000000,
1.740008,1.766606,-5.143214,8.871985,5.236867,4.400240,1.383680,0.000000,
1.750011,1.723555,-4.303817,8.889225,5.247132,4.414092,1.315517,0.000000,
1.760003,1.688922,-3.466218,8.906101,5.257506,4.427402,1.251297,0.000000,
1.770011,1.662617,-2.628423,8.922740,5.268050,4.440273,1.190531,0.000000,
1.780005,1.644597,-1.803077,8.939176,5.278774,4.452729,1.133120,0.000000,
1.790001,1.634822,-0.977883,8.955518,5.289736,4.464850,1.078711,0.000000,
1.800005,1.633227,-0.159439,8.971857,5.300990,4.476695,1.027051,0.000000,
1.810011,1.639767,0.653689,8.988263,5.312578,4.488309,0.977971,0.000000,
1.820011,1.654381,1.461341,9.004807,5.324546,4.499731,0.931311,0.000000,
1.830011,1.676997,2.261532,9.021578,5.336957,4.511011,0.886876,0.000000,
1.840005,1.707537,3.055786,9.038644,5.349861,4.522179,0.844537,0.000000,
1.850011,1.745947,3.838738,9.056113,5.363343,4.533288,0.804082,0.000000,
1.860011,1.792152,4.620711,9.074034,5.377442,4.544350,0.765456,0.000000,
1.870010,1.846046,5.389909,9.092493,5.392232,4.555394,0.728519,0.000000,
1.880002,1.907541,6.153961,9.111554,5.407770,4.566436,0.693184,0.000000,
1.890006,1.976593,6.902601,9.131328,5.424152,4.577510,0.659293,0.000000,
1.900004,2.053131,7.655705,9.151854,5.441418,4.588609,0.626818,0.000000,
1.910001,2.137039,8.393371,9.173218,5.459648,4.599749,0.595655,0.000000,
1.920003,2.228302,9.124314,9.195506,5.478924,4.610938,0.565714,0.000000,
1.930004,2.326870,9.855293,9.218778,5.499305,4.622171,0.536944,0.000000,
1.940011,2.432706,10.576739,9.243121,5.520877,4.633451,0.509266,0.000000,
1.950005,2.545720,11.307967,9.268563,5.543672,4.644752,0.482668,0.000000,
1.960004,2.665895,12.019058,9.295219,5.567798,4.656084,0.457050,0.000000,
1.970001,2.793303,12.744514,9.323143,5.593316,4.667428,0.432380,0.000000,
1.980001,2.927966,13.465506,9.352425,5.620309,4.678774,0.408598,0.000000,
1.990003,3.068795,14.080819,9.383117,5.648836,4.690098,0.385680,0.000000,
2.000010,3.213188,14.428617,9.415273,5.678949,4.701376,0.363597,0.000000,
2.010008,3.360313,14.716641,9.448867,5.710629,4.712554,0.342371,0.000000,
2.020011,3.509733,14.937299,9.483975,5.743949,4.723617,0.321951,0.000000,
2.030003,3.661023,15.140729,9.520557,5.778870,4.734513,0.302353,0.000000,
2.040010,3.813855,15.272773,9.558721,5.815497,4.745238,0.283509,0.000000,
2.050003,3.967848,15.409780,9.598373,5.853735,4.755729,0.265451,0.000000,
2.060007,4.122642,15.473172,9.639616,5.893683,4.765983,0.248117,0.000000,
2.070003,4.277989,15.540192,9.682381,5.935270,4.775952,0.231518,0.000000,
2.080005,4.433584,15.556879,9.726724,5.978546,4.785622,0.215612,0.000000,
2.090004,4.589237,15.567751,9.772609,6.023470,4.794963,0.200393,0.000000,
2.100000,4.744698,15.551595,9.820040,6.070041,4.803952,0.185841,0.000000,
2.110004,4.869843,12.509092,9.868759,6.117999,4.812529,0.172003,0.000000,
2.120007,4.875140,0.529530,9.917525,6.166111,4.820492,0.159159,0.000000,
2.130000,4.861908,-1.324116,9.966109,6.214135,4.827847,0.147266,0.000000,
2.140005,4.842189,-1.970930,10.014556,6.262103,4.834643,0.136216,0.000000,
2.150001,4.816537,-2.566232,10.062701,6.309840,4.840898,0.125964,0.000000,
2.160000,4.785475,-3.106451,10.110553,6.357344,4.846653,0.116433,0.000000,
2.170006,4.749441,-3.601327,10.158074,6.404570,4.851941,0.107564,0.000000,
2.180009,4.708868,-4.056239,10.205175,6.451422,4.856785,0.099315,0.000000,
2.190012,4.664149,-4.470332,10.251833,6.497868,4.861218,0.091637,0.000000,
2.200008,4.615648,-4.852378,10.297968,6.543826,4.865264,0.084494,0.000000,
2.210014,4.563655,-5.196161,10.343632,6.589340,4.868957,0.077836,0.000000,
2.220008,4.508464,-5.521912,10.388693,6.634276,4.872314,0.071642,0.000000,
2.230013,4.450334,-5.810430,10.433216,6.678695,4.875367,0.065868,0.000000,
2.240005,4.389501,-6.087952,10.477078,6.722469,4.878132,0.060498,0.000000,
2.250008,4.326172,-6.331010,10.520352,6.765671,4.880637,0.055493,0.000000,
2.260000,4.260534,-6.569154,10.562923,6.808181,4.882896,0.050841,0.000000,
2.270006,4.192746,-6.774789,10.604876,6.850084,4.884935,0.046507,0.000000,
2.280004,4.122950,-6.980821,10.646098,6.891266,4.886767,0.042481,0.000000,
2.290006,4.051324,-7.161658,10.686616,6.931751,4.888410,0.038740,0.000000,
2.300004,3.977978,-7.335458,10.726391,6.971499,4.889881,0.035267,0.000000,
2.310013,3.902999,-7.491123,10.765457,7.010542,4.891194,0.032043,0.000000,
2.320010,3.826530,-7.649771,10.803707,7.048775,4.892362,0.029059,0.000000,
2.330006,3.748705,-7.785095,10.841182,7.086236,4.893398,0.026297,0.000000,
2.340019,3.669498,-7.910853,10.877923,7.122965,4.894317,0.023740,0.000000,
2.350003,3.589101,-8.052344,10.913757,7.158790,4.895125,0.021386,0.000000,
2.360016,3.507536,-8.146283,10.948877,7.193902,4.895837,0.019210,0.000000,
2.370012,3.424821,-8.274855,10.983111,7.228131,4.896460,0.017211,0.000000,
2.380008,3.341129,-8.372089,11.016511,7.261527,4.897004,0.015375,0.000000,
2.390002,3.256461,-8.472333,11.049054,7.294066,4.897477,0.013692,0.000000,
2.400012,3.170795,-8.557475,11.080796,7.325806,4.897887,0.012150,0.000000,
2.410014,3.084202,-8.657867,11.111643,7.356651,4.898240,0.010745,0.000000,
2.420003,2.996855,-8.744511,11.141578,7.386584,4.898542,0.009467,0.000000,
2.430001,2.908717,-8.815648,11.170659,7.415664,4.898800,0.008306,0.000000,
2.440006,2.819732,-8.893568,11.198872,7.443876,4.899020,0.007254,0.000000,
2.450018,2.729948,-8.968112,11.226203,7.471206,4.899205,0.006305,0.000000,
2.460004,2.639545,-9.052785,11.252562,7.497565,4.899360,0.005454,0.000000,
2.470021,2.548441,-9.094888,11.278090,7.523092,4.899489,0.004690,0.000000,
2.480007,2.456693,-9.187908,11.302622,7.547624,4.899596,0.004011,0.000000,
2.490022,2.364334,-9.221942,11.326301,7.571303,4.899683,0.003406,0.000000,
2.500034,2.271260,-9.296314,11.349041,7.594043,4.899755,0.002872,0.000000,
2.510004,2.177828,-9.371166,11.370754,7.615756,4.899812,0.002405,0.000000,
2.520001,2.083923,-9.393139,11.391587,7.636589,4.899858,0.001996,0.000000,
2.530028,1.989231,-9.443705,11.411533,7.656535,4.899894,0.001641,0.000000,
2.540004,1.894145,-9.531789,11.430429,7.675430,4.899922,0.001336,0.000000,
2.550008,1.798697,-9.541104,11.448423,7.693424,4.899944,0.001075,0.000000,
2.560044,1.702509,-9.584144,11.465509,7.710511,4.899960,0.000853,0.000000,
2.570016,1.606044,-9.672898,11.481526,7.726528,4.899972,0.000669,0.000000,
2.580020,1.509334,-9.667864,11.496624,7.741626,4.899981,0.000515,0.000000,
2.590002,1.412199,-9.731048,11.510721,7.755722,4.899988,0.000390,0.000000,
2.600019,1.314638,-9.739245,11.523890,7.768891,4.899992,0.000289,0.000000,
2.610012,1.216687,-9.801570,11.536049,7.781050,4.899995,0.000209,0.000000,
2.620049,1.118332,-9.800010,11.547272,7.792274,4.899997,0.000146,0.000000,
2.630059,1.019605,-9.862467,11.557479,7.802481,4.899998,0.000099,0.000000,
2.640034,0.920915,-9.893420,11.566665,7.811667,4.899999,0.000064,0.000000,
2.650063,0.821897,-9.873409,11.574908,7.819910,4.900000,0.000040,0.000000,
2.660051,0.722601,-9.941420,11.582125,7.827127,4.900000,0.000023,0.000000,
2.670116,0.622939,-9.902414,11.588395,7.833397,4.900000,0.000012,0.000000,
2.680137,0.522950,-9.977920,11.593635,7.838637,4.900000,0.000006,0.000000,
2.690079,0.423429,-10.009377,11.597846,7.842847,4.900000,0.000002,0.000000,
2.700148,0.323557,-9.918682,11.601103,7.846105,4.900000,0.000001,0.000000,
2.710104,0.223535,-10.046642,11.603329,7.848331,4.900000,0.000000,0.000000,
2.720579,0.121427,-9.748238,11.604601,7.849603,4.900000,0.000000,0.000000,
